96,2,322.57
