0,127.41,275.75,271.6,47.765,104.74,46.711,0.77495,36.342,0.56332,37.509,6.6435,0.9156,3.0783,35.197,0.92065,63.245,1.6224,4.5852,208.8,4.1201,1.1183,0.45226,1.5526,11.104,0.5362,1.069,2.3045,5.8528,11.923,0.84844,13.34,115.05,18.778,42.194,0.86724,1.2141,0,2.0211,96.378,1.0581,30.556,1.1284,0.60403,0.94075,5.603,0,2.287,7.2686,12.098,0,1.2219,0,96.628,3.4142,56.959,26.746,2.1214,2.6915,3.2928,0.41928,1.7479,17.921,2.5803,0.76843,1.8899,2.2491,0.82269,0.68116,24.138,49.034,27.639,10.521,1.3868,0,0.7915,2.5834,0.87084,4.0621,19.551,0.38556,0.70232,0.25711,10.97,0.12646,109.88,0,12.021,5.2804,5.6977,0.43504,62.904,0,12.272,1.2163,0.14914,1.2866,0.96756,0.76831,0.66225,0.88923,2.457,14.769,1.7827,0.8641,26.65,0.50013,3.2677,0,3.7371,0.99007,12.641,3.9146,10.543,2.6725,10.435,6.1194,38.279,6.5146,1.8335,4.9818,4.7653,4.383,0.88265,6.2967,10.292,30.88,4.7419,0.72748,0.60792,11.157,2.4451,0,28.297,27.536,5.1097,14.297,27.245,23.643,0,6.6914,6.0872,4.7218,3.9487,3.3195,0.72683,0.66642,0,8.1309,11.177,0.82671,34.374,1.5504,9.2412,4.0544,13.011,6.0076,0.71314,0,3.2686,3.2132,1.5374,4.3304,1.1147,0.77494,0.78607,5.1692,1.5147,1.0909,0,7.3389,6.5082,0,24.741,1.394,11.196,5.0751,4.1267,22.523,7.4953,3.2366,3.5044,3.7886,4.1299,1.8016,0.36463,6.8562,0.43157,6.5027,25.971,10.029,2.9315,26.663,23.066
127.41,0,4.5932,3.2414,42.867,83.047,72.423,0.60965,42.663,20.189,0,6.8482,0.71111,2.7114,19.433,0.72522,177.82,1.2934,3.5872,42.026,7.0982,27.853,88.847,3.971,8.6016,0.87555,0.93314,1.7911,4.7963,11.549,0.97817,12.61,0,5.5828,20.013,1.383,2.0376,0,2.1429,0,2.3603,2.6651,1.361,1.5236,1.9282,6.5895,0,1.9001,6.3487,11.099,0,0.91667,0,1.6399,2.5483,0,22.209,1.6654,2.5614,2.4941,0.652,1.4207,14.812,2.4992,3.3146,1.4437,1.8186,1.294,3.0845,30.095,8.7993,1.6591,6.5256,1.3836,0,0.74049,1.7682,0.72649,8.0086,18.336,13.341,2.0182,0.28867,8.4056,0.35429,80.516,0,10.634,3.3484,3.452,41.366,17.971,0,11.168,1.262,0.092124,1.6229,3.2409,1.3297,1.0198,2.625,2.2129,13.224,1.7351,0.90155,1.5275,0.52488,3.9567,0,3.0441,1.2588,15.19,1.7962,8.3345,2.4348,8.4813,4.7436,27.532,3.886,1.5966,3.91,1.8437,3.8942,3.7508,1.89,8.1378,24.055,3.6761,1.1991,0.61997,7.1774,2.018,0,27.904,21.751,3.7496,12.63,20.985,18.171,0,5.9945,4.738,3.6891,3.5705,3.5369,0.81968,0.90568,0,8.844,8.981,1.0688,25.901,2.4961,8.0063,3.1199,12.792,3.7642,4.5392,0,3.9678,2.689,1.3739,4.9386,0.93773,0.70647,1.2361,4.3413,1.7507,1.241,0,6.4168,5.335,0,24.372,5.4975,6.3475,4.211,3.6011,18.329,6.542,1.3663,2.6114,3.7187,2.7441,2.0962,0.30333,4.8945,5.9077,3.9458,23.614,13.383,2.4438,21.517,17.617
275.75,4.5932,0,82.37,46.963,1.1253,55.797,1.3049,31.282,1.3857,156.06,11.415,1.5796,17.103,0,1.5611,62.821,2.5004,7.8018,85.799,141.8,3.0625,1.6295,3.7794,8.7542,1.8032,1.829,0.661,9.6292,11.577,2.1061,10.784,33.728,1.2831,2.3123,0.67451,96.003,0,4.1138,54.218,36.206,78.436,2.0807,1.1634,6.563,8.1384,0,1.3519,2.3722,10.602,8.844,0.58251,17.851,58.316,1.0676,3.5259,9.7085,1.213,1.4013,1.0404,2.3228,2.4005,13.83,1.0577,2.7548,1.6427,1.0929,2.8418,2.5565,18.574,45.47,3.7032,7.2033,2.1592,0,0.74887,1.078,0.30191,5.1834,16.176,2.6874,2.1301,0.39563,8.7883,0.50391,54.857,0,7.5877,2.7396,4.0459,2.7753,55.949,0,11.291,2.6884,0.019053,2.6931,4.1596,3.3795,2.6367,61.436,2.0195,12.286,2.5861,2.3842,2.6217,2.727,5.7417,0,5.9297,2.5584,5.8565,1.4929,5.6631,1.2198,3.8792,3.7262,12.203,4.3345,1.1015,1.7916,2.7469,4.664,2.6502,3.0173,3.4572,24.617,4.2232,3.7056,1.6167,2.7707,1.2066,0,5.455,21.078,1.7618,2.4266,9.0267,21.676,0,8.6509,3.5042,3.3333,3.8467,6.1569,2.6246,3.6525,0,12.168,9.5016,2.1594,32.193,3.5245,6.5672,2.7025,9.4396,3.0156,3.33,0,8.7907,3.2515,1.5368,6.6529,1.278,0.78252,4.2209,2.4095,5.4702,3.7527,0,4.0889,4.1072,0,30.288,4.1645,2.154,3.606,4.2947,19.125,3.3521,1.9631,1.173,1.1295,1.8821,3.7074,0.53767,4.4376,3.8197,5.417,14.502,2.8528,3.3673,18.913,27.671
271.6,3.2414,82.37,0,52.57,1.121,55.601,1.3226,31.171,1.3805,145.15,11.44,1.6083,19.84,0,1.5829,62.602,2.5267,7.9265,85.538,131.83,3.0503,1.6233,3.8364,7.4467,1.8301,1.8521,0.65909,9.812,11.451,2.135,10.717,33.718,1.2939,2.3556,0.68966,108.16,0,4.1778,54.537,47.459,77.357,2.0832,1.2137,2.4867,8.3565,0,1.352,2.3554,10.813,0.23491,0.58477,17.537,58.125,1.0965,3.5078,9.7068,1.2198,1.3552,1.0553,2.3127,2.3761,13.645,1.0722,2.7442,1.6194,1.0566,2.8805,2.5981,18.957,45.321,3.692,7.1124,2.1808,0,0.74952,0.86553,1.9394,5.1088,15.709,2.6758,2.1448,0.39544,8.9609,0.40577,53.979,0,7.1416,2.8132,4.0648,2.6831,56.09,0,11.291,2.6896,0.024378,2.723,4.2214,3.4276,2.6853,81.498,2.0188,12.935,2.5631,2.4295,2.6692,2.7148,5.7515,0,1.85,2.5795,5.7109,1.4446,5.8253,2.9248,3.848,3.6336,12.403,4.2684,1.1767,1.801,2.662,4.9141,2.6293,3.0606,3.4945,24.542,3.8036,3.7751,1.6487,2.0893,1.2082,0,4.8457,20.842,1.7909,2.3643,14.683,21.018,0,8.8117,3.0248,3.389,3.8615,5.9633,2.676,3.7151,0,12.2,9.6823,2.1612,32.237,2.7256,6.5627,2.6929,9.218,3.2407,3.3334,0,8.764,3.2417,1.5392,6.1066,1.2499,0.78034,4.2936,2.4781,5.4691,3.8179,0,4.0489,4.0174,0,30.336,4.2441,1.8223,3.6983,4.2643,19.131,3.4255,1.9731,1.0655,1.1147,1.9657,3.768,0.53744,4.61,3.7583,5.2671,15.211,3.2855,3.352,18.908,27.197
47.765,42.867,46.963,52.57,0,1.2888,42.811,129.05,9.4256,64.809,0,104.57,111.54,52.537,108.79,169.46,2.261,93.262,121.15,0.68718,3.6293,3.5933,0.82253,40.989,8.3407,20.158,79.315,1.823,88.735,144.58,2.307,23.926,0,1.458,1.6644,0.44949,0.77742,0,11.512,0,1.089,1.152,2.7798,0.74451,0.85874,13.677,0,0.91091,5.9029,13.986,0,0.93287,0,3.1895,2.3646,0,19.424,2.0004,49.22,2.8998,2.5714,1.7128,13.436,12.258,1.2141,0.91106,1.4661,3.1831,1.2464,21.56,3.0261,2.4937,7.8587,2.7834,0,0.75697,1.9179,0.67188,5.3975,11.434,2.8625,0.86256,0.58712,9.908,0.48155,29.81,0,6.7418,1.5358,1.5358,1.2193,28.476,0,27.973,3.7381,0.078007,3.4062,1.7899,3.7646,3.0665,1.544,3.0664,5.2216,3.2613,1.6144,2.1365,2.5173,5.2345,0,2.2382,28.533,10.919,2.7613,32.709,3.0341,22.015,1.8223,24.143,1.9063,1.7243,5.2312,3.3294,4.5474,1.8962,2.9154,10.024,11.593,1.7792,4.2869,1.1104,8.826,1.7295,0,18.776,20.143,4.1928,10.634,4.1153,19.337,0,7.2053,3.5088,3.487,1.7976,13.099,3.1292,4.0119,0,13.219,3.7225,3.1247,15.271,6.0188,11.057,1.8715,11.922,1.543,1.543,0,8.7373,2.1517,1.9307,5.8113,0.93683,0.91706,4.3376,4.0328,7.5772,3.6976,0,2.539,1.294,0,28.032,3.3059,8.541,5.5185,4.6807,27.567,6.4971,1.7077,3.1077,4.1962,1.0389,4.2259,0.52113,3.0198,1.793,4.7839,14.333,6.2968,3.0032,26.133,26.133
104.74,83.047,1.1253,1.121,1.2888,0,129.08,0.50057,146.71,70.537,0,13.033,0.62598,1.9598,58.05,0.59262,13.385,2.4255,3.0041,0.27196,5.2603,71.643,58.143,3.0762,65.407,1.7772,0.75056,27.243,4.3517,9.0653,1.5962,10.863,0,7.5665,20.107,1.0051,1.4219,0,1.7708,0,1.7154,1.818,1.9649,1.0955,1.3692,6.01,0,1.2824,4.4104,8.4942,0,0.71276,0,1.5002,1.8979,0,16.324,1.4008,2.1101,2.2185,84.841,1.0197,14.987,1.9184,2.1849,1.0744,1.3778,2.2088,2.216,21.524,5.7124,1.2254,5.737,1.1489,0,0.52946,1.2352,0.50664,6.2097,14.828,3.1421,1.4709,0.25409,3.2527,0.3669,53.201,0,8.1684,2.2719,2.3038,2.7615,24.641,0,11.256,1.732,0.067855,1.412,2.4638,2.6946,1.1298,1.9362,1.9618,10.29,1.3767,0.90506,6.9539,1.4304,4.8574,0,2.3693,1.3704,10.188,1.3106,7.0083,2.0761,7.0494,3.1404,18.864,2.6404,1.8685,3.1153,1.3759,3.6305,2.6426,1.5495,6.3409,18.149,2.5353,2.6788,0.67909,5.173,1.8836,0,20.992,14.957,3.1776,8.9597,17.683,14.071,0,5.0575,3.7307,2.9663,2.9769,4.1532,1.2101,1.6255,0,7.6563,7.2944,1.99,22.277,2.0255,6.7205,2.894,6.2327,2.474,2.8955,0,4.0066,2.1995,1.211,3.5427,0.6994,0.62273,3.327,2.693,2.5549,1.6888,0,4.2733,4.4703,0,29.923,3.9649,4.5476,2.9699,3.4672,17.106,4.6244,2.0163,1.7982,2.9789,1.7851,2.8654,0.30271,3.1729,4.2136,2.83,21.635,10.377,1.8166,10.625,23.831
46.711,72.423,55.797,55.601,42.811,129.08,0,1.116,69.206,48.527,0,43.922,48.867,92.731,52.277,1.3146,17.84,44.759,15.85,22.082,5.6816,63.471,26.145,6.8208,30.932,26.135,1.5734,25.233,8.4468,9.4644,0.77353,10.265,0,1.5323,2.2645,29.132,1.5999,0,4.0366,0,1.8604,2.3093,1.0621,27.271,1.5001,5.5029,104.35,0.70374,12.611,8.7149,0,0.62643,0,1.3721,1.6046,0,19.557,1.2923,2.128,2.0048,1.0573,1.0728,17.614,2.0934,7.097,1.1516,1.2244,1.1352,1.0603,19.727,6.9979,1.2648,7.6538,2.0575,0,0.59565,1.4288,0.60396,6.3671,14.578,1.1828,1.5953,0.421,8.4767,0.59109,63.307,0,9.1144,2.7459,2.7451,0.93826,49.25,0.72121,10.539,3.4798,0.08305,2.4664,1.3311,1.3644,2.1421,2.12,2.5898,11.091,1.4185,2.3376,2.5276,3.2682,3.1961,0,2.5145,2.5143,12.206,2.8646,7.6217,2.0584,7.1841,3.7168,24.059,3.148,1.905,3.0334,3.3777,3.4493,3.3846,3.0942,5.7984,19.695,2.8682,1.3651,1.3541,5.4384,1.7891,0,22.184,19.012,3.2866,11.314,20.234,15.493,0,5.2594,3.8399,2.8628,2.8404,4.5552,2.2766,3.7467,0,7.6877,6.1515,1.1457,29.401,1.9774,6.5605,2.7455,10.659,3.0227,1.4646,0,3.6653,2.2919,1.2727,3.7289,0.7907,0.71707,1.6862,4.1986,2.7332,3.4509,0,4.9972,4.7716,0,23.041,4.874,4.7934,3.2873,3.3548,26.391,5.183,54.909,2.2326,2.8193,2.1769,3.9507,0.71638,3.8035,0.65341,2.9821,15.566,9.8545,3.6768,19.52,17.607
0.77495,0.60965,1.3049,1.3226,129.05,0.50057,1.116,0,1.1173,1.1904,0,44.359,9.6593,2.0839,40.853,38.029,3.498,2.7886,12.333,0.26868,5.7705,1.2658,1.2526,3.077,7.4653,1.5184,36.465,1.2889,3.7588,59.938,106.45,11.416,0,0.67986,0.96488,0.94956,1.5845,0,1.6462,0,1.9111,1.5797,25.114,0.98349,1.5289,8.6579,0,1.7,4.743,10.734,0,0.73657,0,1.2882,1.5956,0,14.317,6.9269,2.6931,1.9752,1.9605,1.066,12.257,2.0383,1.8537,1.0551,0.97599,17.899,2.1751,20.262,5.4504,1.2496,35.238,51.923,0,0.61523,1.2158,0.54995,5.6835,12.21,2.1634,1.7333,11.114,7.9862,0.37722,54.357,0,7.5366,2.1491,2.0539,2.1217,60.158,0,8.6967,1.5114,0.066821,3.4856,2.689,57.846,6.8009,1.9619,1.9825,8.3144,1.7373,1.0107,2.2435,1.3,5.6326,0,2.5343,0.77107,10.65,1.3679,8.4947,2.7305,7.1561,3.2374,17.607,2.2784,1.4086,47.635,1.3909,4.7875,2.3826,2.7855,38.613,19.204,2.5859,3.2078,0.5752,5.3949,1.4964,0,19.995,14.158,3.0983,7.9669,16.9,14.104,0,6.1355,3.4733,4.0793,3.6105,7.7757,0.69514,1.4051,0,9.2631,7.1622,0.92363,33.889,3.4993,3.1702,3.5995,6.5187,2.3542,2.487,0,3.4423,2.5111,1.5851,3.7053,0.84559,0.82199,29.21,2.7271,5.5131,1.1462,0,4.1536,4.5083,0,23.409,3.2635,4.7633,3.101,4.3392,14.809,4.79,0.98261,1.7356,3.0341,1.7531,2.426,0.58995,3.0823,3.3656,2.9622,15.203,8.4089,3.222,6.2245,20.581
36.342,42.663,31.282,31.171,9.4256,146.71,69.206,1.1173,0,48.298,0,24.414,31.549,51.69,64.973,1.3204,67.236,31.735,6.8706,35.587,5.342,68.418,43.74,1.3271,32.861,21.896,1.6119,37.717,7.2278,11.87,0.87065,9.5412,0,1.6554,2.1524,6.7201,1.4092,0,3.9811,0,1.7311,2.2158,0.83685,1.283,1.3658,6.2223,31.873,0.92151,5.0764,8.0532,0,0.69793,0,1.5522,1.5799,0,18.762,1.4206,2.168,2.1475,1.1504,0.89237,17.012,1.9608,77.822,1.136,1.1662,1.2778,1.0139,19.565,6.0993,1.109,8.009,2.2021,0,0.54341,1.3059,0.54656,6.1495,14.08,0.90342,1.4218,0.47823,7.6736,3.4904,53.573,0,9.0499,2.5153,2.5923,0.90436,50.612,0,10.878,3.7406,0.069521,2.6176,2.5188,1.5357,1.9796,2.0574,2.8516,11.141,1.3016,2.2017,2.4687,3.5074,2.6376,0,2.5573,2.7126,10.196,2.4121,6.804,2.1043,6.7577,3.1799,21.787,3.0691,1.7926,2.8607,1.2576,3.2679,3.1278,3.205,5.4615,19.323,2.6173,1.3142,1.1798,4.4966,1.5685,0,21.365,16.912,3.4812,10.669,20.465,15.216,0,6.6059,3.9616,2.8122,1.9418,4.3267,2.0351,3.6095,0,6.6514,5.905,1.5068,23.02,1.9739,5.5019,2.9761,9.0794,2.6965,3.7272,0,4.1472,2.3381,1.1698,3.0971,0.72136,0.87275,1.7182,3.6689,3.0764,3.3409,0,4.1954,3.7524,0,15.15,4.8043,3.9559,3.0109,3.1693,20.453,4.7346,53.033,1.9918,2.878,1.8796,3.3102,0.80155,3.2625,1.022,2.4586,13.596,10.276,3.8237,22.382,16.522
0.56332,20.189,1.3857,1.3805,64.809,70.537,48.527,1.1904,48.298,0,0,47.072,61.323,95.536,43.617,1.1991,26.931,52.884,31.53,15.292,5.1782,11.901,15.548,16.987,21.541,37.681,1.4332,12.728,7.7863,8.499,0.70183,45.987,0,1.3563,1.9852,55.311,1.4593,0,3.7617,0,1.6956,1.8557,0.94266,19.857,1.3474,4.8764,23.398,0.64911,4.9425,7.9354,0,0.56562,0,1.215,1.4423,0,16.826,1.1723,2.0843,1.804,0.95654,0.99455,59.76,2.0319,2.2961,0.99184,1.091,1.03,2.4402,50.137,5.8494,1.1671,7.0092,1.8489,0,0.54136,1.2184,0.52009,5.7688,13.208,1.0693,1.453,0.38288,7.7737,0.53555,54.714,0,8.1208,2.2844,2.2359,1.0861,43.859,33.873,9.7472,3.252,0.07004,2.2049,2.3675,1.2379,1.9296,1.8575,2.3744,9.8951,1.2683,2.0881,2.1905,2.7307,2.9632,0,2.1615,2.2828,10.996,2.6157,6.8699,2.0202,6.5159,3.2158,20.125,2.5309,29.126,2.7075,1.2995,3.2839,2.8759,2.697,5.1879,16.962,2.4727,1.2242,1.2104,5.0352,1.632,0,20.1,16.275,2.9501,9.2665,17.918,14.708,0,4.7618,3.2891,2.5383,2.8996,4.0814,2.0647,3.5409,0,7.3177,5.6461,1.0575,25.948,1.7941,5.8777,2.4752,6.0818,2.5016,3.0138,0,3.2464,1.9844,1.1276,3.457,0.68433,0.58049,1.5179,3.804,2.4798,3.1088,0,4.3573,4.2171,0,18.144,3.8358,4.4442,2.8569,2.986,23.583,4.4998,2.2723,1.9449,3.2176,1.8278,1.4231,0.64746,3.203,1.4727,2.764,12.958,9.6401,3.1669,17.726,15.784
37.509,0,156.06,145.15,0,0,0,0,0,0,0,8.6712,0.95356,11.177,0,1.0676,3.5704,1.7661,5.1465,0.53137,102.68,2.216,1.1746,2.561,5.3918,1.2278,1.2459,0.98947,4.8438,3.675,1.4333,8.5398,10.012,0.90058,1.4868,1.0758,15.634,22.66,2.6682,0,1.9193,1.8491,1.4844,1.0951,12.332,10.569,0,1.0543,4.3447,8.9495,64.375,0.3225,0,2.0988,1.4242,0,16.525,0.67757,1.6625,1.5482,1.6442,1.4713,5.1759,1.9285,1.8879,1.5414,0.91413,1.8828,1.8961,7.0333,5.7627,2.1178,2.579,1.4722,0,0.56713,1.6228,0.64155,4.5267,5.394,1.8865,1.514,0.27817,4.9037,0.28626,63.932,0,8.1112,68.382,2.4338,1.8947,56.651,0,8.2407,1.8762,16.062,1.811,2.7398,2.2159,1.5608,1.8822,1.414,7.8213,1.8233,1.3897,1.669,1.8947,4.1188,0,36.318,1.7538,10.752,1.9941,6.8651,1.802,5.2422,2.8573,24.006,2.7181,1.4175,2.5202,3.1919,2.7407,2.6376,1.9629,5.0216,40.936,3.597,2.2454,0.85937,5.7823,0.84322,0,9.5002,18.204,2.5707,10.218,12.119,14.13,0,4.3666,3.8747,2.0649,3.1579,6.0713,1.4575,2.2609,0,8.638,4.8127,1.5026,13.951,4.4486,6.2296,1.3285,7.3329,3.208,2.4063,0,3.6333,2.098,1.5127,4.7223,6.151,0.29022,2.6055,2.6961,5.1158,2.2936,0,3.9489,1.6216,0,15.53,3.0679,5.4995,4.4947,1.5451,14.15,14.039,1.3653,1.5548,2.451,2.3883,2.749,0.37429,1.7605,2.9886,3.2388,16.408,7.0375,2.381,13.161,13.161
6.6435,6.8482,11.415,11.44,104.57,13.033,43.922,44.359,24.414,47.072,8.6712,0,138.55,145.13,2.8877,61.311,3.9124,125.43,133.92,2.1955,5.5921,3.4068,5.0452,74.981,8.0481,34.485,1.9235,0.76131,7.7472,35.426,1.3609,87.948,0,1.5072,2.2127,50.523,1.3776,0,4.459,0,1.8097,1.9695,1.9251,70.235,1.3723,6.9952,94.028,1.1422,45.358,5.8324,0,0.64278,0,1.7304,1.2552,0,19.673,1.3684,2.4327,1.3862,2.6383,0.69176,12.689,2.0505,2.1926,1.2029,1.041,2.971,4.9,18.882,4.6865,0.98037,5.813,2.4694,0,0.54655,1.217,0.53253,5.555,11.58,1.299,1.3858,0.40959,8.0227,0.36623,45.133,0,8.6455,2.4235,2.3048,1.0775,62.959,0,9.8866,2.6949,0.062193,2.9849,2.6694,3.5707,2.5606,2.2308,1.8386,10.712,1.8842,2.3287,2.6946,3.0992,1.9674,0,2.5959,2.9215,9.2819,2.0361,6.2038,2.6623,4.1987,2.8222,22.505,2.7901,1.4085,2.2354,1.1454,4.3071,3.3556,3.3382,4.5035,16.157,2.5822,1.9611,1.2934,3.2517,1.3037,0,18.76,17.066,2.3755,11.137,12.218,16.502,0,5.8258,3.713,3.3994,2.9681,3.9218,2.3566,4.0269,0,8.18,6.5745,2.2001,19.421,2.0842,3.856,2.7046,4.2002,2.4139,1.2473,0,4.3581,2.4689,1.1812,2.3875,0.68275,0.69967,4.3399,2.5363,4.7557,4.019,0,3.3544,2.6961,0,6.9182,4.3399,2.9506,2.8282,4.1321,16.026,4.4726,2.0729,1.7636,2.8612,1.6104,3.0699,0.52547,2.4906,1.4375,1.8071,14.018,8.9298,3.6736,18.623,16.203
0.9156,0.71111,1.5796,1.6083,111.54,0.62598,48.867,9.6593,31.549,61.323,0.95356,138.55,0,3.392,102.08,18.211,3.5551,53.691,41.81,0.28245,5.1118,1.2563,1.2831,107.25,74.929,16.557,0.6598,68.869,20.201,19.791,1.574,87.342,0,1.213,2.0499,19.831,1.511,0,20.356,0,1.6955,1.5356,1.1289,0.93035,1.3684,7.6859,0,0.54301,4.9308,9.1426,0,0.58062,0,0.93955,1.6073,0,13.081,1.2536,1.984,1.9438,0.9708,1.1456,12.344,1.8611,1.9071,0.86531,1.1138,1.0718,2.2712,20.566,5.5339,1.3657,5.0215,1.9466,2.3658,0.49254,1.0541,0.54062,4.5312,9.866,2.1919,1.5501,0.37992,70.004,0.22891,53.888,0,6.1762,2.0536,1.997,2.2389,22.058,0,7.4778,17.255,0.068326,2.3014,2.2682,1.2881,0.86876,1.6337,2.2984,7.6704,1.2651,2.3301,2.266,1.1644,5.0517,0,1.6894,2.3901,10.53,1.5154,8.1726,1.9734,7.1943,3.2456,16.064,2.1217,1.3044,2.867,1.506,3.3647,2.2103,2.7032,5.4972,14.7,2.3827,2.5174,1.4692,5.0936,1.5575,0,16.017,12.977,3.2226,7.1048,14.573,12.559,0,4.7264,2.5694,2.8145,3.1372,4.5224,2.4238,0.99712,0,7.7568,6.0077,0.86497,30.159,3.0004,6.4264,2.6559,7.2092,2.3499,2.6084,0,2.5259,1.5918,1.1411,3.7852,0.60565,0.60649,1.2892,9,2.478,3.725,0,3.5722,4.2756,0,26.554,2.7403,5.2284,2.5726,3.0339,15.858,4.2354,1.0532,1.5791,3.2616,1.791,2.683,0.59401,2.8302,3.5144,3.0511,14.127,6.8558,3.0833,16.43,15.759
3.0783,2.7114,17.103,19.84,52.537,1.9598,92.731,2.0839,51.69,95.536,11.177,145.13,3.392,0,0.74549,30.96,3.4993,1.9879,6.0048,2.4694,113.01,2.4743,7.3843,76.758,6.5664,1.4268,1.4206,0.51874,7.0392,9.7641,23.082,14.861,0,0.96891,1.4606,30.629,58.127,0,3.0458,0,95.86,1.8055,1.6938,71.205,1.5895,10.751,84.107,1.0445,18.602,28.976,0,0.4283,0,1.8384,1.1972,0,8.6838,0.88999,1.1895,0.77219,1.7935,1.3946,6.4702,0.78686,2.0391,1.0033,0.83091,2.2165,10.573,18.325,4.4646,1.9856,5.9335,1.554,0,17.996,1.3503,0.23549,5.445,12.452,2.0759,5.3693,0.2937,5.235,0.41373,43.375,0,4.4981,2.246,2.1218,2.122,44.489,0,8.4478,2.0121,0.062106,1.9184,2.9896,2.6335,1.9513,2.0552,1.4961,8.3892,1.9538,1.4698,1.6601,2.0445,2.3371,0,1.6169,1.8762,9.1293,7.1308,3.9641,1.0088,3.0914,2.7591,8.9111,2.5067,1.3346,1.3707,2.7796,3.7065,3.1664,2.0497,2.5971,17.363,2.4919,2.9856,1.1298,5.3075,0.88341,0,18.972,7.6714,1.2976,4.7282,7.5662,4.0283,0,6.817,2.6603,2.3183,3.325,5.2142,1.8594,2.4556,0,10.277,6.7922,1.6526,23.02,2.4099,4.8213,2.0246,10.1,2.3076,2.5901,0,6.413,2.449,1.249,4.3094,0.37074,0.66587,3.1908,1.685,4.0341,2.6344,0,2.8974,3.2103,0,26.129,4.0258,6.1762,2.5352,3.6413,14.54,2.4204,1.5251,2.1419,0.98786,1.5738,3.5794,0.42273,2.6299,3.5146,4.1129,13.087,6.2793,2.4506,14.146,20.466
35.197,19.433,0,0,108.79,58.05,52.277,40.853,64.973,43.617,0,2.8877,102.08,0.74549,0,63.041,3.3352,67.15,87.148,0.46401,4.2489,85.892,1.2563,2.4282,50.417,1.4718,1.5012,28.027,64.26,4.8494,1.4247,8.0628,0,105.85,30.519,0.7112,1.0916,0,65.517,0,1.3699,1.382,1.5219,0.86397,1.0919,5.682,0,1.5987,1.8888,3.6233,0,0.6049,0,1.4163,0.75205,0,8.6489,1.3372,1.1944,0.7714,2.1864,1.159,6.1294,0.78614,1.5825,0.78016,0.92752,1.9668,1.6576,14.747,3.5126,1.5902,5.8624,2.0601,74.246,0.23576,0.7535,0.23576,4.344,10.13,2.211,1.1606,0.39982,4.6075,15.829,33.646,0,4.8802,1.7166,1.7217,1.9164,42.835,0,14.083,2.7333,0.047889,2.4162,1.9177,2.3674,1.8665,1.4122,2.266,6.0447,2.7428,1.835,2.3362,2.7833,2.3465,0,1.3698,2.5384,4.7131,1.516,3.9483,1.0122,3.033,2.2348,8.8905,2.0285,0.79712,1.3711,1.827,2.732,2.0635,2.891,2.5959,13.395,1.937,2.1076,1.5816,4.2808,1.3881,0,14.609,7.6972,0.93871,4.7101,7.595,10.866,0,4.2305,2.0773,2.9649,2.416,9.2539,2.2444,3.0269,0,6.8178,6.5232,1.7959,30.006,2.4546,4.03,2.8718,7.1047,1.7907,2.0192,0,4.7852,1.3209,0.65819,3.3955,0.37172,0.51917,2.8696,1.6781,6.5421,4.1126,0,2.253,4.2539,0,19.938,3.2105,4.3756,2.2978,3.1195,8.006,2.4148,1.2993,1.7637,1.2266,1.2186,2.8151,0.50009,2.1733,3.0272,3.1999,9.4733,5.2277,3.3804,16.533,23.479
0.92065,0.72522,1.5611,1.5829,169.46,0.59262,1.3146,38.029,1.3204,1.1991,1.0676,61.311,18.211,30.96,63.041,0,3.0624,12.005,23.333,0.23506,5.1921,1.1124,1.0919,24.941,6.8179,0.59185,24.92,1.1666,22.188,111.54,40.879,10.196,0,1.0684,1.6644,0.83915,1.4113,0,1.4515,0,1.7218,1.3746,0.89077,0.87163,1.3395,7.7962,0,3.0399,4.2016,9.6054,0,0.55541,0,1.1497,1.3365,0,12.615,1.2136,2.3724,1.6831,0.89852,0.9268,10.468,1.8668,1.6047,0.91098,0.87071,0.9666,1.9459,17.666,4.6745,1.0892,5.9544,2.1006,0,0.54842,1.0499,0.4782,5.028,10.458,1.8496,1.5373,0.45393,7.4669,0.47666,46.645,0,6.7587,1.8483,1.756,1.8162,55.45,0,14.011,1.3471,0.057238,2.5134,2.3681,3.2161,0.62393,1.7216,2.5674,7.439,1.5109,1.7976,1.8782,1.1408,4.8936,0,2.2213,13.554,9.3095,1.1894,8.3746,2.4931,8.0005,2.7727,15.319,1.9529,1.1916,3.1361,1.2135,28.167,2.087,2.3193,6.2413,16.386,2.21,3.0682,1.4162,4.6944,1.2714,0,17.424,12.366,2.6607,6.9443,14.532,12.426,0,5.4735,3.0139,2.8578,3.3401,8.2728,0.9465,1.3191,0,8.0698,7.5099,0.7486,28.526,3.0201,3.5476,3.1102,5.6674,2.0083,2.1293,0,3.0717,2.1965,1.3721,3.2214,0.72495,0.77373,1.4282,3.045,5.8635,3.4821,0,3.5217,4.2322,0,20.368,2.8372,4.1413,2.6603,3.8019,16.394,4.1199,0.87404,1.5187,2.6906,1.4943,2.1092,0.55113,2.6274,2.8997,2.5759,13.081,7.34,2.6772,19.868,18.142
63.245,177.82,62.821,62.602,2.261,13.385,17.84,3.498,67.236,26.931,3.5704,3.9124,3.5551,3.4993,3.3352,3.0624,0,1.8911,5.2687,112.8,2.1773,31.469,54.827,2.4018,3.0466,1.3676,1.1495,1.1281,5.9884,9.564,1.2212,9.1164,5.0304,1.0466,1.5944,1.0335,0.77541,0,2.7584,0,0.73903,19.553,1.4213,0.44132,1.1037,4.6971,0,0.59181,3.9488,9.0996,0,0.44096,0,12.856,1.118,0,14.11,0.89669,1.5765,1.3604,2.1278,0.90033,12.871,1.5672,0.86669,0.87414,0.8425,1.6533,0.89527,15.355,6.2013,8.9856,5.6727,1.4537,0,0.45324,1.0816,0.44307,2.8056,10.817,2.6467,0.69564,0.29751,5.6217,0.49391,49.267,0,6.5722,2.1497,2.4538,9.6253,37.79,0,11.087,2.3891,0.061197,1.7519,1.1285,2.0021,1.5195,0.90281,1.8483,8.0961,1.207,1.5605,1.7672,2.3338,2.6819,0,1.9133,1.7444,6.754,1.4793,5.2842,1.575,4.9102,2.8249,19.694,2.9009,1.1573,2.1307,2.5322,2.531,1.1285,2.1399,4.0602,15.187,2.1461,2.0067,0.94778,5.783,1.2073,0,18.777,15.142,2.1873,8.2276,14.126,13.025,0,4.3251,2.9741,2.0268,1.334,3.8731,1.5618,2.4302,0,9.1678,4.4536,1.5007,21.267,1.6735,4.529,1.8959,7.8823,2.4347,0.75628,0,3.1291,1.7261,0.93192,3.1291,0.58014,0.56283,2.4262,2.892,2.3132,2.3453,0,3.9018,3.2392,0,25.05,1.4791,5.9632,2.5286,3.027,17.216,3.7987,2.385,1.5523,2.5527,1.7265,3.9183,0.48574,3.2393,1.5492,4.2553,12.917,6.1634,2.5852,13.918,12.369
1.6224,1.2934,2.5004,2.5267,93.262,2.4255,44.759,2.7886,31.735,52.884,1.7661,125.43,53.691,1.9879,67.15,12.005,1.8911,0,38.694,0.22056,4.7227,3.1077,1.2311,97.713,106.22,18.553,0.61839,95.624,23.905,22.974,1.4425,80.371,0,1.2186,1.9491,26.046,1.2423,0,4.7891,0,1.5392,1.4431,0.78907,0.94042,1.1813,7.365,0,0.54612,4.0042,7.579,0,0.54345,0,1.2756,1.4846,0,13.989,1.1519,2.042,1.8084,0.90605,0.80424,12.067,1.7928,1.7,0.89892,1.0956,0.96014,2.0397,17.788,4.354,0.97956,5.0767,1.774,0,0.47085,1.0083,0.4228,5.0875,11.239,2.0975,1.2855,0.3542,67.849,0.20358,41.976,0,7.0289,1.817,1.7658,1.9688,20.346,0,7.9238,1.4853,0.053131,2.0945,2.148,1.1539,0.95072,1.6679,2.1794,7.0517,1.2776,2.2229,2.1293,1.105,4.042,0,2.0086,2.174,8.4408,1.0347,7.1382,1.9449,6.4786,2.5008,15.553,2.0366,1.311,2.622,1.1045,3.475,2.2235,2.5754,5.0153,15.015,2.0615,2.4939,1.2764,4.0724,1.5098,0,17.003,12.462,3.0307,7.4019,15.208,12.114,0,4.4788,3.0571,2.509,2.7057,4.0693,2.0462,0.86143,0,6.0252,6.2827,0.88526,27.147,2.8658,5.8221,2.4036,4.9137,1.9234,2.1849,0,3.4072,1.8735,1.0714,2.793,0.57779,0.57304,1.4772,3.4978,2.3117,3.2473,0,3.3718,4.144,0,20.311,3.1669,3.5791,2.4516,3.1106,14.68,3.823,0.63034,1.5142,2.7526,1.3832,1.8287,0.60861,2.401,3.2865,2.2266,15.606,8.272,2.9376,15.607,14.786
4.5852,3.5872,7.8018,7.9265,121.15,3.0041,15.85,12.333,6.8706,31.53,5.1465,133.92,41.81,6.0048,87.148,23.333,5.2687,38.694,0,0.40107,4.818,1.1031,1.1595,106.6,51.494,8.8702,0.62034,32.245,60.35,35.379,1.4928,89.941,0,1.1479,1.7064,2.4639,1.3545,0,19.478,0,1.5889,1.3991,0.92417,0.8834,1.2451,7.4832,0,0.6247,4.3405,8.338,0,0.5715,0,1.0471,1.3558,0,12.863,1.2221,1.9626,1.7365,0.87814,0.96661,11.376,1.8032,1.6858,0.84234,0.79323,0.95264,2.0683,19.188,4.8663,1.124,5.2665,1.8965,0,0.47968,1.0086,0.47352,4.7918,10.368,1.9609,1.4008,0.4053,8.0834,0.48978,47.413,0,6.3816,1.8371,1.7713,1.9443,20.187,0,9.3939,37.576,0.058446,2.229,2.1488,1.1449,0.84827,1.5897,2.5004,7.1625,1.5744,1.9,1.907,1.1393,4.6474,0,1.777,2.4548,9.5099,1.2401,7.4189,1.9541,7.1465,2.7843,15.274,1.9461,1.2609,2.7494,1.2466,3.4606,2.0908,2.3921,5.3257,15.2,2.1294,2.5098,1.2636,4.868,1.2868,0,16.977,12.358,2.8142,6.8342,15.677,12.086,0,4.6486,2.7316,2.5289,2.917,3.6488,2.2821,0.82146,0,7.2256,7.4844,1.0193,24.959,2.8773,5.8781,2.6166,5.9112,2.0342,2.2483,0,2.8003,1.6691,1.1163,3.36,0.58206,0.60439,1.3749,3.4789,2.2936,3.3625,0,3.391,4.1216,0,22.048,2.7655,4.3163,2.4756,3.0463,15.939,3.8849,0.82499,1.5081,2.8958,1.5257,2.1999,0.59972,2.6521,3.1184,2.6812,13.527,7.1327,2.7435,18.311,15.989
208.8,42.026,85.799,85.538,0.68718,0.27196,22.082,0.26868,35.587,15.292,0.53137,2.1955,0.28245,2.4694,0.46401,0.23506,112.8,0.22056,0.40107,0,4.1575,3.7123,34.415,1.1168,6.2752,0.5945,0.61217,0.96409,3.7987,6.884,0.64952,7.4076,27.293,0.49319,0.92564,0.71898,1.0744,0,1.4717,12.682,1.325,3.9036,0.74125,0.92414,1.0403,5.2507,0,0.86352,3.7815,6.1517,0,0.39134,0,16.559,1.1064,0,12.46,0.80453,1.6795,1.2391,0.90486,1.8702,9.2142,1.4906,2.1328,0.48251,1.0821,0.95324,1.7523,17.187,4.0906,57.678,4.009,0.86468,0,0.40801,1.0248,0.53672,5.1009,10.055,1.0174,1.0749,0.16617,3.5256,0.26689,38.712,0,6.9339,1.2548,1.2548,10.455,20.2,0,7.3074,1.264,0.077939,1.0855,1.9038,1.1457,0.96664,1.433,1.0542,8.5834,1.9332,0.96664,1.0975,1.0855,2.201,0,1.4307,0.99617,7.663,1.8492,4.5905,1.5996,4.7571,2.2664,16.377,1.2472,1.2223,1.9945,1.0534,2.7623,2.1992,1.255,3.7832,10.093,1.5193,1.2329,0.67595,3.7513,0.79885,0,8.3499,12.471,2.003,7.4964,9.9521,11.272,0,3.6685,1.4577,1.3637,2.1647,6.1339,1.0463,1.3637,0,5.549,5.4547,0.83774,14.487,3.0853,5.4891,1.1101,8.2769,1.5691,2.3487,0,3.6136,1.3083,0.8592,5.0476,0.7651,0.44425,1.4891,1.8824,3.6501,1.4891,0,2.553,2.1391,0,17.728,3.6841,3.301,2.2694,2.3081,11.606,3.5657,1.4793,1.4545,2.3572,1.2667,2.4967,0.25917,2.2056,1.5371,1.7212,18.38,7.6072,1.5371,7.927,15.702
4.1201,7.0982,141.8,131.83,3.6293,5.2603,5.6816,5.7705,5.342,5.1782,102.68,5.5921,5.1118,113.01,4.2489,5.1921,2.1773,4.7227,4.818,4.1575,0,1.9526,0.94723,2.3924,4.9424,1.1181,1.2123,0.84136,5.4829,9.5087,9.8544,8.2745,0,0.8247,1.2849,0.9348,24,0,2.5167,0,22.672,0.68671,1.6085,0.40538,5.5959,9.1383,0,0.54361,3.682,27.213,40.834,0.3896,0,1.076,0.95609,0,12.957,0.79788,1.57,1.1379,1.3979,0.827,10.799,1.6619,0.79611,1.1336,0.71977,1.8654,1.7467,12.067,4.356,0.97691,5.8007,1.3435,0,35.113,1.2765,0.55703,2.5771,6.6699,1.5646,14.763,0.27679,4.7864,0.35755,19.75,0,3.4476,1.9498,1.6768,1.5587,20.902,0,10.269,2.1295,0.05841,1.6389,2.4926,2.1957,1.5453,0.82929,1.6858,3.182,1.349,1.2972,1.4303,1.6453,4.5596,0,55.662,1.6392,7.0553,32.46,4.8757,1.8941,4.5209,3.2059,15.078,1.8507,0.99713,1.9716,2.507,2.7496,1.0366,1.7363,3.7937,17.248,2.8411,2.3894,0.86456,6.2715,0.81701,0,15.279,13.679,1.8233,6.5206,11.42,12.772,0,5.4734,3.6222,1.8678,1.2253,5.4443,1.4371,2.1052,0,10.836,4.494,1.5257,19.367,3.9934,3.3148,1.9135,5.0567,2.0218,1.8784,0,2.8743,2.2782,0.51726,2.8743,40.657,0.6238,2.568,1.9705,2.1248,2.1061,0,3.9868,2.6952,0,18.477,1.4603,6.6086,3.5509,3.4672,17.94,5.7772,1.2727,2.0687,2.25,1.5132,3.0422,0.40543,2.4753,2.4744,3.337,9.8809,4.6855,2.0625,13.568,12.145
1.1183,27.853,3.0625,3.0503,3.5933,71.643,63.471,1.2658,68.418,11.901,2.216,3.4068,1.2563,2.4743,85.892,1.1124,31.469,3.1077,1.1031,3.7123,1.9526,0,103.53,2.2565,25.87,5.7185,0.55719,84.806,5.8572,6.5762,1.1032,8.0714,0,46.957,1.8004,0.76858,1.0137,0,2.6861,0,1.2017,1.2988,0.75736,0.79193,0.95267,4.3354,0,0.51856,3.1907,5.9287,0,0.43606,0,1.0818,1.1972,0,11.455,0.88795,1.4981,1.4596,6.1819,0.78238,10.513,1.375,1.598,0.72784,0.87917,0.86168,1.6028,16.371,4.0915,0.93141,3.8579,1.3829,0,0.36858,0.84751,0.35115,4.301,10.399,9.8477,1.0162,0.27893,5.9636,13.262,37.745,0,5.6935,1.5615,1.5787,2.0977,18.26,0,7.7065,2.3021,0.047598,1.6399,1.6698,1.0356,0.82348,1.3127,1.7352,7.1187,1.1029,1.7236,1.9033,1.0058,3.4399,0,1.6144,1.6452,7.3425,1.0048,5.1469,1.4249,4.7532,2.194,13.101,1.7982,1.2132,2.0218,1.0426,2.4649,1.8464,2.2976,3.8373,11.789,1.7197,1.8046,0.92874,3.9216,1.2348,0,14.273,10.425,2.3542,6.1837,15.927,9.6922,0,3.4092,2.4348,1.9263,2.0335,3.5301,1.5197,1.1943,0,5.7144,5.2443,0.84305,14.948,1.5009,4.3791,1.8214,4.7831,1.7004,2.0767,0,2.8895,1.485,0.80884,2.7188,0.47283,0.42027,1.2968,2.9251,2.0746,2.3218,0,2.7755,3.493,0,18.227,2.7501,3.4931,1.9989,2.2988,15.762,3.119,1.2237,1.2445,2.1266,1.2398,2.067,0.51761,2.2403,3.2302,2.1738,23.009,7.3437,2.7185,12.531,11.357
0.45226,88.847,1.6295,1.6233,0.82253,58.143,26.145,1.2526,43.74,15.548,1.1746,5.0452,1.2831,7.3843,1.2563,1.0919,54.827,1.2311,1.1595,34.415,0.94723,103.53,0,0.99326,2.7788,7.563,1.0466,1.1018,5.4537,8.8563,0.58813,6.9802,0,1.0051,1.4674,0.56538,1.0719,0,2.5695,0,1.2231,1.5689,1.2997,0.87799,0.98867,4.027,2.7473,0.54913,3.6231,5.707,0,0.40868,0,1.0028,1.0259,0,12.285,0.8313,1.4056,1.2718,25.004,0.84361,12.581,1.3922,32.658,0.73674,0.77089,1.4743,1.66,18.031,4.8453,0.98749,5.2475,1.3208,0,0.38032,0.90821,0.38021,4.6934,11.051,9.0093,1.0499,0.27489,5.1689,0.44807,42.469,0,5.7723,1.7474,1.8161,0.91441,34.367,0,7.171,2.2646,0.048137,1.5775,1.6888,1.79,1.35,1.3326,1.7262,7.0595,1.0534,1.4296,1.5935,2.2534,2.5134,0,1.6017,1.5955,8.1521,1.8449,4.7077,1.3974,4.4581,2.4427,14.846,2.0703,1.1327,1.9085,1.0985,2.2587,2.0705,1.9496,3.6386,12.658,1.8323,1.0186,0.8377,4.169,1.106,0,16.257,11.685,2.0324,6.9336,13.463,10.337,0,3.8954,2.4712,1.7977,1.2184,3.3943,1.3964,2.2697,0,5.7432,3.9706,1.3711,18.796,1.5034,4.0775,1.731,6.7493,1.9459,2.8458,0,2.6799,1.454,0.81227,2.9324,0.49612,0.51409,2.1519,2.6886,2.0781,2.1127,0,3.1082,2.9686,0,23.419,3.2423,3.7695,2.0736,2.1509,15.37,3.2619,2.136,1.3687,2.207,1.4199,3.4815,0.46016,2.5921,1.1838,2.3439,21.819,8.0655,2.3332,12.771,11.038
1.5526,3.971,3.7794,3.8364,40.989,3.0762,6.8208,3.077,1.3271,16.987,2.561,74.981,107.25,76.758,2.4282,24.941,2.4018,97.713,106.6,1.1168,2.3924,2.2565,0.99326,0,5.5948,32.432,1.2237,0.94901,6.1087,48.767,1.2959,48.385,0,0.92501,1.3839,7.8932,1.2852,0,2.9096,0,1.4853,1.3865,1.4877,7.3474,1.1529,17.901,23.685,0.5393,54.803,6.8089,0,0.41455,0,1.0105,1.0189,0,14.382,0.85691,1.7634,1.2336,1.5758,0.82621,12.655,1.7737,1.6038,0.81809,0.76828,1.7484,18.274,14.616,4.4935,0.96962,5.8831,1.3898,0,0.49123,1.0028,0.44386,4.7951,10.296,0.88885,1.2355,0.29089,5.34,0.44033,44.473,0,7.4627,1.8169,1.6828,0.90254,45.525,0,11.557,2.4011,0.055644,1.6672,2.0261,2.1855,1.6146,1.5988,1.7967,9.0546,1.0545,1.4147,1.5115,1.835,2.4617,0,1.8128,1.7354,9.4016,2.2287,5.1635,1.747,4.8552,2.6321,16.411,1.8815,1.1822,2.0234,1.0797,2.9303,2.3148,1.8524,3.9016,15.171,2.0224,1.0178,0.89879,4.1831,0.88064,0,16.707,13.725,1.9904,7.332,12.446,13.328,0,4.4878,2.6933,1.8933,1.2023,5.7115,1.5543,2.5361,0,5.9845,4.5041,1.548,19.715,2.8778,3.1198,2.0174,5.0524,1.9438,2.095,0,2.7,1.6629,0.96861,2.8718,0.57092,0.61186,2.6384,2.9333,2.0612,2.252,0,3.4755,3.0185,0,15.94,2.7889,3.6919,2.3642,2.5739,18.709,3.7462,1.517,1.7124,2.6863,1.4365,3.6752,0.44585,2.473,1.3804,2.2962,11.356,7.0156,2.1793,13.933,12.323
11.104,8.6016,8.7542,7.4467,8.3407,65.407,30.932,7.4653,32.861,21.541,5.3918,8.0481,74.929,6.5664,50.417,6.8179,3.0466,106.22,51.494,6.2752,4.9424,25.87,2.7788,5.5948,0,12.157,1.1107,84.297,17.209,7.9173,1.1076,5.6638,0,19.321,1.5279,0.41081,0.86264,0,9.8661,0,1.0841,0.65319,1.1562,0.35596,0.85694,5.5426,0,0.87927,3.3196,6.9933,0,0.31756,0,1.2898,1.2142,0,8.998,0.62892,1.2326,0.86003,0.77704,1.1557,4.4068,1.277,0.80249,0.61151,0.44137,1.4862,0.83155,10.686,2.8279,1.5386,3.8912,1.6706,0,0.38676,0.74441,0.36892,2.4208,5.4243,0.86417,0.90066,0.3672,58.017,58.017,26.917,0,3.9155,0.98149,0.98149,0.94261,36.706,0,5.73,2.3192,0.037256,1.9431,1.4886,1.801,1.3894,1.1026,2.1279,3.0731,1.9145,1.7673,1.7169,2.2911,3.1778,0,1.0778,2.081,4.7699,1.6149,5.3022,0.79295,7.0459,1.7103,11.468,1.0158,1.2396,2.6708,1.9214,1.1959,0.91425,2.2143,4.8942,7.2659,1.1813,1.6311,0.91039,4.6293,0.94983,0,8.4214,12.129,2.8031,4.9303,14.115,8.6343,0,3.1671,1.4508,2.0695,1.5175,6.1852,1.5886,2.709,0,6.5081,4.1747,1.2956,15.569,2.1396,6.163,2.2957,6.9336,1.1988,1.1988,0,2.7301,0.68615,0.79807,3.2979,0.5376,0.38416,2.1686,2.4758,4.2806,2.663,0,1.7868,2.8306,0,16.251,1.3144,4.6637,1.7328,1.2326,15.941,3.0807,2.0073,1.1186,2.0558,0.96204,2.6858,0.5641,1.476,1.3743,3.0553,11.416,4.2304,2.2476,16.547,7.3704
0.5362,0.87555,1.8032,1.8301,20.158,1.7772,26.135,1.5184,21.896,37.681,1.2278,34.485,16.557,1.4268,1.4718,0.59185,1.3676,18.553,8.8702,0.5945,1.1181,5.7185,7.563,32.432,12.157,0,1.0391,4.311,6.7558,6.5126,0.53973,23.603,0,0.96828,1.4052,69.994,1.0201,0,2.7732,0,1.1892,1.1914,0.7219,0.76695,0.93207,3.7332,0,0.50069,3.4685,5.5976,0,0.39908,0,0.93003,1.0088,0,10.8,0.82564,1.5429,1.2665,0.73523,0.7678,55.866,1.4422,1.4648,0.66549,0.75792,0.79211,1.7056,16.664,3.8948,0.90025,5.0488,1.288,0,0.36622,0.79628,0.33616,4.1233,9.1435,0.82179,1.0103,0.26923,5.567,0.41168,36.771,0,5.3624,1.4623,1.4352,1.708,16.786,9.3727,7.3327,2.3577,0.045774,1.5232,1.6002,0.952,1.3536,1.2315,1.6922,6.6634,0.97268,1.4513,1.4932,1.8647,3.422,0,1.4505,1.5906,7.3953,0.98525,4.8027,1.4204,4.5337,2.1337,12.485,1.604,35.908,1.8615,1.0021,2.3935,1.7586,1.8331,3.568,11.244,1.6265,0.93936,0.84103,3.8193,1.1446,0,14.089,10.079,2.0343,5.7169,12.567,9.466,0,3.3034,2.235,1.7389,2.035,3.1314,1.4482,2.6106,0,5.5044,3.8903,0.8158,18.218,2.2315,4.0324,1.7054,4.6952,1.6,1.8941,0,2.4851,1.3352,0.77732,2.6688,0.44647,0.41301,1.1656,2.8804,1.9071,2.143,0,2.5958,2.9714,0,15.628,2.4085,3.4309,1.8814,2.1538,15.664,2.9465,1.6682,1.2109,2.2551,1.1863,7.8402,0.45215,2.1113,2.8925,2.1336,12.199,6.3524,2.1319,12.361,10.838
1.069,0.93314,1.829,1.8521,79.315,0.75056,1.5734,36.465,1.6119,1.4332,1.2459,1.9235,0.6598,1.4206,1.5012,24.92,1.1495,0.61839,0.62034,0.61217,1.2123,0.55719,1.0466,1.2237,1.1107,1.0391,0,0.83144,4.659,27.614,73.308,7.0349,0,0.75464,1.2055,0.5737,0.96324,0,1.1589,0,1.1771,0.96097,35.292,0.60623,0.92924,5.2746,0,15.335,2.8303,6.7073,0,0.39903,0,0.95187,0.94691,0,8.5904,0.86586,1.7992,1.1692,1.1767,0.70425,7.3696,1.2175,1.0974,0.65077,0.71934,30.956,1.2862,12.06,3.2469,0.83582,43.729,1.5212,0,0.36449,0.72641,0.32299,3.2331,6.7672,1.2882,1.0342,0.3276,5.3163,0.31556,32.197,0,4.7255,1.2696,1.2184,1.24,37.236,0,11.111,2.0995,0.039135,1.8462,1.6091,13.011,0.90016,1.1867,1.8232,4.9076,1.1494,1.2536,1.3213,0.89656,3.375,0,1.4837,2.1247,6.3065,0.90431,6.3966,1.6197,5.4288,1.8902,10.348,1.3628,0.82913,2.2703,0.93462,3.0598,1.4206,1.6046,4.5989,10.533,1.5143,1.9678,0.99669,3.3806,0.86035,0,10.884,8.2814,1.8103,4.7997,10.055,8.258,0,3.699,2.1506,2.0687,2.176,6.4968,0.77449,1.0586,0,5.8848,6.183,0.6774,21.195,2.0519,2.9293,2.1709,4.3057,1.3683,1.4342,0,2.5424,1.4482,0.98806,2.4474,0.49102,0.51185,3.0099,2.1012,3.959,2.3674,0,2.2553,2.9452,0,13.871,2.0338,3.1451,1.8164,2.7406,12.915,2.7992,0.67466,1.008,1.7365,1.0171,1.6024,0.37365,1.7185,1.9495,1.8666,9.2579,4.7741,1.8547,17.189,14.533
2.3045,1.7911,0.661,0.65909,1.823,27.243,25.233,1.2889,37.717,12.728,0.98947,0.76131,68.869,0.51874,28.027,1.1666,1.1281,95.624,32.245,0.96409,0.84136,84.806,1.1018,0.94901,84.297,4.311,0.83144,0,9.0189,3.4006,1.0092,5.8387,0,50.419,1.5165,0.53267,0.78729,0,5.258,0,0.98813,1.0731,1.051,0.68459,0.7821,4.6363,0,0.80047,1.4274,2.8532,0,0.4095,0,1.0335,0.65246,0,7.59,0.87393,1.3741,1.4468,1.7549,0.80077,11.091,1.0856,1.1949,0.55929,1.1708,1.3458,1.1962,10.22,2.5424,1.1416,3.8391,1.3599,0,0.29248,0.65924,0.18217,3.0071,7.0641,1.733,0.81737,0.25173,36.635,54.498,24.275,0,3.5053,1.295,1.2989,1.4373,32.152,0,9.3306,1.9793,0.033642,1.6086,1.3519,1.6233,1.2522,1.003,1.3843,4.3102,1.7875,1.9164,1.5832,2.1475,1.6514,0,1.2758,1.6196,3.3169,1.0635,3.4637,1.3139,2.3225,1.5536,7.5242,1.5674,0.69963,1.0841,1.2989,2.4569,1.6086,1.949,2.0971,9.0446,1.379,1.4704,1.0713,3.0494,1.0209,0,9.8663,5.5446,1.0715,4.1209,5.3831,8.2053,0,2.8718,1.4765,2.0228,1.7218,5.6517,1.7529,2.4055,0,4.7335,4.0745,1.1684,15.38,1.8725,2.8204,1.7962,4.8318,1.298,1.4626,0,3.204,1.2098,0.57267,2.4168,0.38465,0.35801,1.9483,2.5985,3.8994,2.6157,0,1.6115,2.3686,0,14.217,2.2674,3.1115,1.6197,2.3447,6.0302,2.0437,0.92993,1.2516,0.96163,0.87092,2.0332,0.42685,1.4614,2.2965,2.1587,8.3182,3.7374,2.2717,10.617,15.11
5.8528,4.7963,9.6292,9.812,88.735,4.3517,8.4468,3.7588,7.2278,7.7863,4.8438,7.7472,20.201,7.0392,64.26,22.188,5.9884,23.905,60.35,3.7987,5.4829,5.8572,5.4537,6.1087,17.209,6.7558,4.659,9.0189,0,7.6799,1.5446,8.1676,0,0.58577,1.286,0.76585,1.1437,0,30.706,0,1.2312,1.0934,1.1597,0.61556,1.032,4.9214,0,0.93387,3.5868,7.083,0,0.54288,0,0.65558,1.0257,0,8.262,1.1733,1.4948,1.346,1.4425,0.75305,6.603,1.3938,1.3605,0.60177,0.4584,1.7028,1.5332,13.163,3.3335,1.1144,3.3034,1.787,13.946,0.31053,0.71807,0.38787,2.646,5.809,1.5391,1.1656,0.39222,5.3319,0.25533,32.593,0,3.7078,1.5123,1.4852,1.6097,20.216,0,43.643,1.8022,0.044399,2.0498,1.5991,2.0956,1.4949,1.1007,13.474,5.2919,1.7453,1.3979,1.4779,1.1873,3.1084,0,1.0306,1.1877,6.1323,1.1391,6.1469,1.2196,11.671,2.0729,10.063,1.5044,1.0084,2.2345,1.3605,2.1908,1.4419,1.9777,4.352,8.7965,1.7896,1.7187,1.0934,3.1858,1.2272,0,9.2641,8.0407,2.0721,4.4372,8.1799,7.8168,0,3.1039,1.5734,2.1835,1.8404,3.1277,0.64726,2.7593,0,5.0543,5.8721,1.1363,17.432,1.9376,3.4431,2.5579,4.7411,1.6592,1.8907,0,1.7805,0.97793,0.81376,2.4736,0.51744,0.41684,2.4079,2.3712,6.8573,3.1684,0,2.1257,2.6899,0,17.864,1.6586,3.2486,1.6756,2.0587,11.798,3.0666,0.98749,0.97157,2.2301,1.1275,2.0853,0.51773,1.6832,2.3534,1.8808,8.7393,3.9561,2.2686,17.174,12.188
11.923,11.549,11.577,11.451,144.58,9.0653,9.4644,59.938,11.87,8.499,3.675,35.426,19.791,9.7641,4.8494,111.54,9.564,22.974,35.379,6.884,9.5087,6.5762,8.8563,48.767,7.9173,6.5126,27.614,3.4006,7.6799,0,27.486,36.009,0.43244,0.71396,1.0722,0.67799,1.1118,0,3.2312,0,1.6096,1.4592,1.4365,0.97717,0.92891,7.4657,0,0.84024,3.2978,3.6441,0,0.38895,0,0.88146,0.81285,0,9.6201,0.82731,23.807,0.86735,1.2351,0.79618,3.8513,7.6766,1.5654,0.86223,0.43382,2.221,1.9915,10.83,2.7395,1.1877,4.4926,1.5236,0,0.22267,1.0554,0.36917,2.7421,5.7638,1.3709,1.036,0.25388,4.0019,0.23044,27.716,0,5.6453,1.8105,1.7145,1.6955,28.882,0,6.6209,1.6173,0.040621,1.8965,2.3196,7.3897,1.9681,1.7401,1.1588,7.4637,1.3631,1.5062,1.5742,1.4154,1.354,0,1.1243,1.8155,5.3101,1.3964,4.1418,1.2546,2.6551,1.8866,10.723,1.9193,1.2061,1.3963,1.596,9.8471,2.3006,1.9411,2.8131,7.9307,2.0487,1.7305,0.9853,3.786,0.77169,0,9.2126,5.2899,1.489,5.0117,4.6652,8.0817,0,4.1337,1.9604,2.1685,2.838,2.8345,1.7934,2.7215,0,5.9336,5.3662,1.4931,14.224,2.9947,3.4489,1.6432,5.4726,1.703,1.8338,0,2.4763,1.0749,0.82235,2.6664,0.29088,0.41123,3.2442,1.6018,3.0798,2.5965,0,1.7804,1.7719,0,13.532,2.3841,3.8734,2.3237,3.3829,11.736,3.9824,1.0877,1.5013,2.4276,1.0473,2.4284,0.29786,1.4034,2.9912,2.06,8.741,3.9177,1.6846,11.996,12.466
0.84844,0.97817,2.1061,2.135,2.307,1.5962,0.77353,106.45,0.87065,0.70183,1.4333,1.3609,1.574,23.082,1.4247,40.879,1.2212,1.4425,1.4928,0.64952,9.8544,1.1032,0.58813,1.2959,1.1076,0.53973,73.308,1.0092,1.5446,27.486,0,6.8479,0,0.70003,1.0923,0.56512,1.0752,0,2.3567,0,1.3521,0.95295,11.597,0.61057,1.0268,5.7677,0,0.452,2.9633,49.633,0,0.32999,0,0.89468,0.82629,0,8.971,0.69585,1.8026,1.0033,0.68414,0.68763,9.1551,1.3245,1.0807,0.66184,0.62879,9.098,1.3185,9.2117,3.2307,0.81228,39.936,1.21,0,0.41692,0.74315,0.34112,3.3903,6.7402,0.76561,1.2319,0.25368,4.6507,0.29464,32.671,0,4.9161,1.2784,1.1997,0.76525,17.379,0,10.068,1.907,0.039482,1.4667,1.8123,8.7643,1.7232,1.2666,1.5112,5.3835,1.1217,1.1099,1.1877,1.323,3.7349,0,1.6141,1.5516,6.5601,0.88273,4.5536,1.8614,4.2257,1.9342,10.511,1.3331,0.84072,1.7703,0.90678,3.0128,1.4291,1.4425,3.4648,11.374,1.5532,0.88622,0.78397,3.4869,0.72049,0,11.492,8.4715,1.5735,4.7885,9.4455,8.745,0,4.7298,2.2002,1.6494,10.845,4.965,1.3483,1.854,0,6.0065,4.6277,1.6286,17.327,2.1265,2.7562,1.7171,4.2045,1.368,1.4097,0,2.3899,1.6036,1.0367,2.3899,0.51422,0.51363,1.0931,1.7696,1.7667,1.9004,0,2.3383,2.3753,0,10.648,1.9652,3.072,1.8998,2.906,17.397,2.9319,1.0325,1.0409,1.7797,1.0208,1.5648,0.34145,1.7135,1.8798,1.8313,7.6724,4.7074,1.6864,13.15,11.967
