0,34.689,3.0222,17.038,5.5517,0.45031,0,83.504,1.4565,3.9023,8.7194,9.1806,3.8559,16.344,0,1.8514,9.9128,0,11.817,0,0.77765,18.731,1.128,0.68626,0.69764,12.852,10.507,0.15292,0,0,7.6548,1.9372,6.0292,2.7479,8.6166,1.0542,0,0,2.1626,3.7355,0,7.3408,3.9319,2.6112,2.7199,2.2241,1.9613,0,5.466,5.1799,0,2.1335,1.901,0,1.7119,0,2.2712,1.6109,0,6.6506,0,0.95109,0,0,0.72035,4.8092,1.2743,5.139,1.6899,0.68701,3.5647,2.7646,1.3059,4.4937,3.8912,5.4443,0.30098,9.8709,2.4322,1.2153,4.5247,3.2304,5.6241,41.11,27.362,7.6543,0,8.6807,1.8042,0,7.2139,0,1.8541,9.025,0,0,2.2492,11.702,0,1.984,1.5984,0.12323,6.2589,1.2974,0,0,0,8.4962,1.0662,3.6661,1.8828,1.8516,2.426,0.12819,2.5754,1.3961,4.6181,0,15.114,1.1446,4.2389,3.3603,0,2.7198,30.041,7.3926,1.165,2.8354,2.5803,0,0,2.8971,2.7459,1.918,3.7006,7.6259,2.7489,2.4027,10.626,0,0.59862,0,19.141,0.50359,1.2597,0.96306,2.1497,1.3992,13.472,0,10.619,1.0443,3.0727,2.8442,2.0077,3.1081,0,1.9449,1.0557,4.894,0,1.8941,0.93178,32.988,1.4535,2.1074,2.6917,2.3313,0,24.802,3.0204,1.0089,1.2814,10.645,0,0,0,1.8555,6.4566,2.7818,0,2.7946,3.2824,2.9529,0,1.0089,5.542,1.0449,6.3888,4.1573,7.7185,2.9823,1.5971,5.4477,2.8954,0,0.45216,1.5151,2.7041,8.3442,3.284,0,0.73859,2.9345,0.5781,8.432,2.4392,1.6519,2.7918,1.0942,6.6799,2.8031,7.3843,1.5857,6.005,3.3648,2.8448,0,4.8767,0.32507,5.3928,0,0,5.5114,7.5409,0,3.6194,3.2316,6.192,2.6026,10.01,0.3199,3.6662,3.8876,0.54715,7.2028,3.9475,2.827,5.9379,0,1.6879,2.3554,2.4089,0.99818,4.6268,3.9475,13.057,3.138,1.6111,3.5246,3.0191,4.2078,7.5955
34.689,0,16.068,22.45,9.9084,41.331,5.8832,4.7174,3.8202,32.766,11.855,6.1271,2.1178,9.618,0,0.98829,5.6675,0,7.2908,0,0.54035,14.723,0.75444,0.49231,0.4049,8.1053,5.0403,0.092947,0,0,7.1562,1.4152,19.071,54,6.1099,0.88327,0,0,1.3814,3.6876,0,4.751,1.1933,1.9724,2.8326,2.9438,1.1094,0,3.0141,2.904,8.0931,24.452,1.1782,0,0.99019,0,1.3196,0.87845,0,3.5738,0,1.2046,0,0,22.444,2.6247,0.58371,5.639,1.3118,0.35117,1.4401,2.9802,1.5925,2.6583,4.5354,4.0761,0.30881,6.2336,1.2836,1.9753,2.8492,1.3428,3.3933,23.449,14.68,5.1259,0,5.858,0.98193,0,4.1218,0,2.6514,2.9665,0,0,1.332,6.8528,0,1.1892,0.75588,0.16768,3.6537,0.67076,0,0,0,5.0564,0.5804,3.1901,0.91114,1.0851,1.4261,0.15665,1.7295,1.6946,2.4579,0,11.58,0.79098,2.6702,1.7864,0,1.4762,11.674,3.7702,0.59671,1.6019,1.4243,0,0,4.4678,1.9136,1.5428,3.2264,8.6307,1.7297,1.3868,5.6246,0,0.60277,0,10.375,0.46204,1.4051,1.5942,1.3075,1.794,4.0434,0,6.4422,0.66374,2.0718,31.22,1.8965,1.8584,0,1.1213,0.79172,2.7349,0,1.3263,0.59528,24.056,1.6945,1.1419,1.7886,1.2813,0,12.377,3.5198,1.5322,2.8112,3.9369,0,0,0,0.64609,5.414,1.6176,0,1.9304,1.8943,2.1511,0,1.3465,3.0333,1.2535,4.4746,2.8653,4.5803,1.809,1.6696,3.4207,2.067,0,0.44724,1.7997,1.6676,6.0787,1.0571,0,0.36815,1.6624,0.3426,3.7,0.99148,2.5265,5.5362,2.2389,3.4505,0.86576,2.5932,2.6438,3.6013,1.7231,2.1878,0,4.2833,0.44822,2.8815,0,0,3.0315,3.9287,0,2.5155,2.3012,3.6835,1.6239,6.1162,0.19983,2.1845,2.3788,0.30414,3.1916,2.5195,1.6148,3.5822,0,0.95069,1.5527,1.4055,1.0328,8.4471,2.6958,7.6361,2.2131,1.9888,3.293,2.0141,2.3017,7.6987
3.0222,16.068,0,8.5781,0.2728,0.20621,0,1.2623,0.48649,1.9336,8.9993,4.3252,2.5446,11.337,0,53.256,3.861,0,7.2951,0,0.45676,9.0373,0.5298,0.407,0.34841,6.199,4.075,0.083938,0,0,5.1481,0.97334,3.2443,3.0424,4.2319,0.50154,0,0,1.063,1.9486,0,3.2671,1.5973,1.1928,2.7001,2.1893,1.1486,0,2.4132,3.2698,0,1.0272,0.94149,0,0.68917,0,1.0767,0.82239,0,3.9474,0,0.96919,0,0,1.2961,2.2532,1.0946,5.2891,1.4482,0.29418,2.2615,2.0322,1.3491,2.5848,4.0178,2.4431,0.27351,5.6677,15.204,1.3844,1.8998,2.5235,3.2467,18.528,17.285,6.2312,0,7.6245,1.2588,0,4.2394,0,2.3674,4.4632,0,0,0.89969,6.2902,0,0.71187,0.83521,0.12788,2.6718,0.74924,0,0,0,4.9433,0.76227,3.5372,1.0701,1.1266,0.96695,0.11014,1.345,1.3621,2.9535,0,7.8484,0.54775,2.4234,2.1634,0,1.0001,12.671,6.5537,0.57604,1.8249,1.2129,0,0,2.9913,1.8777,0.90784,1.9123,6.2737,1.3418,1.5952,6.5213,0,0.58667,0,11.361,0.35982,1.2483,1.1575,1.1536,1.3986,2.9777,12.177,4.5081,0.45158,1.236,1.4003,0.93272,1.4141,0,1.2394,0.4772,2.0345,0,0.89052,0.54593,16.624,1.4845,1.2475,1.4298,1.2283,0,15.584,3.0547,1.0576,1.5554,4.9402,0,0,0,1.3236,5.3901,1.594,0,1.2328,1.8917,1.2129,0,1.0623,2.2519,0.97728,2.939,1.9316,6.1342,1.7125,1.4553,3.3144,1.5064,0,0.43564,1.4767,1.4175,6.1731,1.678,0,0.31369,2.4864,0.20793,3.6609,1.5783,1.9315,3.282,1.5563,3.0964,1.1803,3.8598,1.6368,3.1907,2.1631,1.5248,0,4.4887,0.33797,2.7711,0,0,3.8005,5.5164,0,2.5441,1.5124,3.5943,1.5163,4.4227,0.19384,1.3913,1.9533,0.24902,2.9742,3.3567,1.0684,3.566,0,0.94443,1.4269,1.4801,0.98237,5.2879,3.7485,6.4554,1.6852,1.6027,1.7239,1.5836,1.614,6.2294
17.038,22.45,8.5781,0,6.5389,22.158,4.386,2.4411,2.0931,1.5346,10.553,3.8097,1.6667,9.0341,0,0.84874,4.6178,0,6.29,0,0.45804,16.202,0.82584,0.43713,0.39592,8.705,5.6246,0.094025,0,0,6.4628,0.73289,3.0254,4.382,2.8323,0.90895,0,0,1.4744,3.4697,0,2.7226,0.93035,6.5931,2.8446,2.6281,1.1468,0,1.8731,2.6853,5.4736,0.59676,1.2619,0,0.83778,0,1.3034,0.90016,0,4.0124,5.6393,1.2969,0,0,1.4792,2.4258,0.55769,6.4201,1.1411,0.3021,1.5842,2.5705,1.4232,2.2809,4.061,2.0931,0.27765,4.1504,1.1045,1.6276,2.2042,1.6016,2.456,20.911,16.125,3.8339,0,4.8575,0.66647,0,3.4984,0,1.8184,5.8371,0,0,1.3765,5.4734,0,0.94727,0.58625,0.15566,3.3667,0.74928,0,0,0,4.4223,0.47854,3.5901,0.76844,0.90622,1.2163,0.11309,1.8155,1.5581,1.925,0,4.0011,0.87121,1.7738,1.6105,0,1.3157,19.486,2.9392,0.5468,1.499,1.3098,0,0,3.6959,0.8652,1.7404,3.2795,4.5451,1.8375,1.2739,3.7012,0,0.59214,0,8.6535,0.40582,1.3331,1.128,0.90532,1.8121,3.4509,0,4.1677,0.48015,1.9518,1.8688,0.91593,1.922,0,0.9051,0.49621,2.2252,0,1.5166,0.53357,24.089,1.5223,0.89479,1.6623,0.99833,0,9.7699,3.0433,1.2594,2.4474,6.8185,0,0,0,0.83713,6.4468,1.3304,0,2.3303,1.7447,1.2561,0,1.1714,2.5591,1.0665,4.5816,3.0859,3.5564,1.5049,1.4341,2.8979,2.0325,0,0.46136,1.7667,1.6925,4.5345,2.0306,0,0.31761,1.5796,0.27944,4.7181,0.82962,2.0697,4.6335,1.6447,3.2897,1.3443,2.8673,17.617,2.3275,1.801,0.83304,0,4.8218,0.33908,2.8138,0,0,2.1751,2.9344,0,1.1239,2.7865,2.9885,1.17,5.8092,0.20455,1.7362,1.5238,0.23751,3.3989,2.1257,1.3679,3.0238,0,0.9253,1.324,1.1951,0.94804,6.9379,3.1461,7.4254,1.9587,1.7142,3.2639,2.0905,2.1898,4.4257
5.5517,9.9084,0.2728,6.5389,0,0.23539,0,0.71215,0.89712,2.3941,9.9942,23.996,2.3264,9.4008,0,1.0357,5.6736,0,6.8595,0,0.4568,9.0313,0.60949,0.39495,0.30955,6.0156,6.6244,0.072534,0,0,3.9341,1.1707,3.6474,4.177,4.7537,0.55579,0,3.2703,1.0919,1.9763,40.962,18.336,2.0941,1.3081,2.2466,2.4377,1.311,0,3.2822,3.3221,0,1.1047,0.88093,0,0.93728,13.04,1.016,0.68776,0,4.3778,0,0.90987,20.119,0,1.4982,2.0101,0.76802,3.8594,1.1537,0.25341,2.1079,2.1536,0.86951,2.7237,2.4634,3.2429,0.32957,6.5018,1.3012,0.87254,2.2997,2.0331,1.5147,17.403,17.162,4.9331,0,5.7471,0.87057,0,4.4206,0,2.4302,5.6979,0,0,1.0638,7.3257,0,1.2382,0.35283,0.11719,2.791,0.8914,0,0,0,5.0162,0.53581,2.7789,0.85658,0.99848,1.3773,0.13395,1.3838,1.3883,8.7341,0,7.5796,0.65477,2.7818,1.9067,0,1.442,15.126,3.6712,0.47013,1.8488,1.0948,0,0,3.7037,1.6358,0.9675,2.037,7.1482,1.3664,1.3045,5.3418,0,0.48259,0,9.5219,0.3644,1.1228,1.3875,1.5234,1.3886,2.8261,0,4.6298,0.52586,1.5051,1.5173,1.0799,1.3868,0,1.2187,0.54497,2.6063,0,1.0687,0.46111,17.983,1.405,1.0337,1.45,0.56565,0,13.282,2.1272,1.0098,1.9517,7.5625,0,0,0,1.1042,7.0276,1.6234,0,1.4725,2.0421,1.4031,0,0.99808,2.9548,1.2527,3.1098,2.1389,4.3723,1.6888,0.8198,3.0148,1.5511,0,0.35685,1.4111,1.3204,4.4899,2.0821,0,0.26558,1.5186,0.35814,3.7218,1.394,2.7009,4.8407,1.8345,2.6802,1.0993,4.5023,1.7301,4.2014,2.1302,1.7013,0,3.6802,0.31661,2.2608,0,0,2.9322,4.3374,0,2.0519,1.7426,3.3624,1.6277,4.5503,0.20114,2.0299,2.32,0.27749,3.9224,2.3566,1.6755,3.2751,0,0.75907,1.2581,1.2495,0.80544,7.3352,4.2966,5.5944,1.7502,1.8059,1.8265,1.5322,1.7356,4.7048
0.45031,41.331,0.20621,22.158,0.23539,0,0,0.98019,0.76095,4.6191,10.48,4.1092,2.2215,8.7656,0,0.79313,5.918,0,6.7509,0,0.55581,6.063,0.60184,0.53599,0.42137,7.2367,4.2947,0.085076,0,26.611,5.7839,1.1223,1.7401,3.5953,5.3019,22.74,1.6538,0,1.2026,2.7638,0,3.0714,0.92852,3.7004,2.6141,2.6016,0.92879,0,2.6105,2.0846,33.178,6.7936,1.0613,0,0.97997,0,1.2754,1.0409,0,3.0014,0,1.1643,0,0,1.4574,2.6785,0.40109,4.8175,1.1635,0.36373,1.1996,28.864,1.5132,2.3023,4.4362,1.3636,0.28576,4.2345,1.1985,1.3584,2.0687,1.5408,3.5135,17.076,12.251,4.7492,0,4.9922,0.83555,0,3.5169,0,1.8502,2.6941,0,0,1.0129,4.3051,0,0.79117,0.58431,0.18605,3.2728,0.55468,3.2105,0,0,4.6819,0.60136,2.7071,0.77734,1.1154,1.2749,0.11766,1.5775,1.5885,2.475,0,5.8012,0.58652,1.8092,1.3325,0,1.2004,14.354,3.7319,0.67032,1.159,1.4206,0,0,4.3349,1.3795,1.4195,2.6656,5.3335,1.4931,1.2995,4.6392,0,0.55819,0,8.4594,0.37473,1.4743,1.1472,0.91947,1.7325,3.8397,0,3.9776,0.45325,1.7644,0.96989,0.56565,1.7692,0,0.77926,0.58202,2.8876,0,1.0449,0.69292,17.236,1.6787,0.9503,1.6001,0.99709,0,12.333,3.1597,1.5159,2.2048,5.3985,0,0,0,0.78377,5.2218,1.5713,0,1.5745,1.6507,1.4585,0,1.6285,3.0784,1.1837,3.2148,1.9938,3.9078,1.7078,2.0212,3.521,1.8514,0,0.42056,1.6749,1.4786,6.2856,2.1467,0,0.40226,1.0999,0.23016,3.6077,0.72849,1.8889,3.7113,1.6804,3.7371,1.1205,1.8069,2.7592,2.3888,1.466,1.0555,0,3.515,0.46462,3.3174,0,0,2.3716,4.0036,0,1.8875,2.16,3.7658,1.172,6.3387,0.16726,1.7196,1.6733,0.31932,2.6932,2.1438,1.3795,3.4624,0,0.84618,1.6643,1.4583,1.1772,5.2668,2.3111,8.6953,2.259,1.8409,2.8122,2.1397,2.1385,4.8514
0,5.8832,0,4.386,0,0,0,0.96005,0.70342,1.7481,14.271,3.1605,1.4481,9.4203,0,0.80715,4.2499,0,7.2659,0,0.39642,16.89,0.94888,0.38224,0.38791,4.2698,5.0894,4.5508,0,0,33.031,0.85179,2.5794,3.2284,3.8301,0.52782,0,0,1.8442,3.0754,0,2.2617,0.75526,1.224,3.2097,3.4645,1.0425,0,1.7063,2.258,0,0.91147,0.64603,0,0.86917,0,1.3186,0.74147,0,3.4196,0,1.2345,0,0,1.1492,2.3087,0.5001,5.3325,1.4594,0.23289,1.3553,1.0185,1.6781,2.7848,4.6674,2.0298,0.3684,3.6629,0.92659,1.3169,1.8883,1.3133,1.9519,17.355,13.862,4.3923,0,5.3666,0.62439,0,4.1322,0,1.3183,3.7701,0,0,1.1661,4.1785,0,0.79419,0.49072,0.061895,2.3942,0.6145,0,0,0,4.3535,0.45771,3.0823,0.90957,0.88602,1.4097,0.16556,2.4352,2.0727,1.5958,0,6.2756,10.015,1.5659,1.4209,0,1.3234,16.459,2.5576,0.49656,1.2617,1.3127,0,0,3.7698,1.2586,0.99708,1.9592,5.2626,2.3534,1.3336,4.1909,0.5675,0.81277,0,7.9627,0.35861,1.7076,0.86016,0.78045,1.9936,1.8901,0,3.6664,0.43241,1.2116,1.1773,0.8735,1.7672,0,0.77946,0.42284,2.0981,0,1.0428,0.50318,26.74,1.7234,0.74762,2.5615,0.83049,0,11.553,3.8051,0.56876,1.3472,3.8251,0,0,0,0.72994,4.5406,1.2248,0,1.3562,1.748,1.0176,0,0.92457,2.4923,1.1958,3.1142,2.2994,3.8983,1.5781,1.1899,2.5819,1.5477,0,0.22279,2.44,2.6427,4.2983,1.3679,0,0.22637,1.2452,0.23574,3.9709,0.72775,1.8278,3.3203,1.231,2.9477,0.87832,2.3947,1.1831,1.9868,1.5969,1.201,0,3.7006,0.23933,2.6824,0,0,2.4471,3.4836,0,1.5974,2.3075,2.7796,1.0531,4.5591,0.24118,1.3731,1.7319,0.21354,3.0661,2.493,1.5753,2.789,1.1159,20.014,1.3185,1.212,1.0826,4.9279,2.5011,6.4907,1.545,2.1118,1.7952,1.8742,1.4164,5.6552
83.504,4.7174,1.2623,2.4411,0.71215,0.98019,0.96005,0,1.002,2.0027,8.1769,4.0722,2.0842,8.4345,0,6.3382,5.1261,0,5.9272,0,0.39929,8.1413,0.49701,0.35135,0.29425,5.4288,5.5218,0.06942,0,0,3.5174,0.94637,2.992,3.4545,4.0477,0.47484,0,0,0.93949,1.7392,0,3.921,5.6442,1.1256,2.1953,1.981,0.99536,0,3.031,3.1641,0,0.95291,0.80489,0,0.84753,0,0.92491,0.68914,0,3.392,0,0.82367,0,0,1.3437,1.9047,0.65719,3.0602,1.338,0.25073,1.8566,1.411,1.1565,2.1931,3.3377,2.5734,0.25673,5.1395,1.2992,1.773,1.8393,1.6223,1.711,17.091,13.973,5.8399,0,4.7838,0.87928,0,3.558,0,2.3289,4.5614,0,0,0.86448,9.037,0,1.0672,0.3755,0.11216,2.4067,0.39544,0,0,0,4.093,0.53346,2.1857,0.69423,0.89144,1.1887,0.10429,1.173,1.1763,2.6763,0,6.8761,0.51854,2.1954,2.1441,0,1.3963,12.223,3.9238,0.47052,1.6012,1.0237,0,0,2.8667,1.5417,0.83463,1.7368,5.7626,1.1743,1.1813,4.7989,0,0.47115,0,8.5682,0.31101,1.0263,1.2042,1.1076,1.2053,2.6497,0,4.1331,0.43623,1.2054,1.2973,0.9003,1.2323,0,0.96156,0.44642,2.3935,0,0.84389,0.44251,15.487,1.2331,0.93745,1.2343,0.59207,0,12.134,2.6624,0.9478,1.5843,5.1952,0,0,0,0.95254,5.4985,0.78813,0,1.1722,1.5954,1.139,0,0.90154,2.7414,0.94966,2.6752,1.8668,3.698,0.89227,0.93384,2.6799,1.338,0,0.3535,1.248,1.1886,5.1277,1.6588,0,0.26868,1.4532,0.30459,3.3306,1.3153,2.2976,3.709,1.557,2.5817,1.1335,4.2041,1.4944,3.2207,1.758,1.4045,0,4.4514,0.28946,2.2661,0,0,2.707,4.9791,0,2.0733,1.4019,1.8692,1.294,4.0412,0.17376,1.6117,1.9854,0.26819,3.4994,2.0554,1.3783,2.8135,0,0.75397,1.1589,1.1503,0.78364,6.3922,2.353,5.7001,1.4818,1.4422,1.5685,1.3527,1.4888,5.4083
1.4565,3.8202,0.48649,2.0931,0.89712,0.76095,0.70342,1.002,0,1.7364,8.5391,5.3189,28.239,10.749,0,0.94143,2.8018,0,3.838,12.617,0.38484,9.9217,0.49728,0.3343,0.26712,4.9759,4.3613,0.064402,0,0,4.5002,0.87402,3.2541,2.8178,3.7963,0.49526,0,0,0.91391,2.2646,0,4.3291,1.1985,1.0147,2.031,2.0495,1.3436,0,3.2274,2.7314,0,0.82025,0.74375,0,0.53505,0,0.85907,0.61045,0,4.633,0,0.7732,0,0,1.0255,1.721,0.70345,5.6649,1.5221,0.21442,22.326,1.782,1.2236,2.56,3.4858,2.3649,0.27963,6.5765,1.3802,1.2267,1.8405,2.2168,2.5736,15.489,9.3013,5.9367,0,8.4307,1.0261,0,2.5833,0,1.7138,3.8519,0,0,0.84481,5.713,0,1.237,0.63001,0.093629,2.2583,0.91931,0,0,0,4.796,0.64725,3.9961,1.175,0.98841,1.4338,0.11238,1.1722,1.1991,2.224,0,5.9392,0.53913,2.8195,1.5955,0,1.5477,11.99,4.0859,0.41887,1.6658,0.93755,0,0,2.7595,1.4843,0.90995,1.6811,5.8041,1.1473,1.4428,6.4618,0,0.44099,0,10.54,0.32218,1.0045,0.88311,1.3088,1.1684,2.2588,0,3.6851,0.42174,1.1444,1.1038,0.94432,1.1438,0,1.145,0.52836,1.4804,0,0.86723,0.41561,15.157,1.2702,1.1433,1.2447,0.99229,0,14.303,2.9438,0.78379,1.374,4.6679,0,0,0,10.277,4.838,1.4445,0,1.1616,1.9951,1.5358,0,0.82497,3.6016,0.98084,2.4761,1.7417,6.1855,1.5836,1.1709,2.8066,1.3321,0,0.32397,1.2152,1.1493,5.0967,1.3759,0,0.22841,1.6615,0.35815,2.9833,1.0748,1.6268,3.0677,1.1956,2.3093,0.96467,3.8444,1.3158,3.9356,1.0071,1.2038,0,4.7479,0.25312,2.0344,0,0,3.3446,5.0433,0,2.0089,1.3808,3.0903,1.5521,3.7667,0.16365,1.3133,2.5579,0.17483,4.6211,3.5051,1.0071,3.177,0,0.69611,1.1459,0.77936,0.74313,4.8925,4.0869,5.0897,1.4191,1.5252,1.9575,1.3019,1.3552,5.942
3.9023,32.766,1.9336,1.5346,2.3941,4.6191,1.7481,2.0027,1.7364,0,9.4883,4.5039,1.9824,7.9594,0,0.79076,5.2544,0,6.1192,0,0.51794,6.4305,0.53882,0.47006,0.31054,6.2331,4.1267,0.074134,0,2.058,5.7145,1.2237,13.634,3.7527,5.1711,0.66195,17.169,0,1.0554,2.6697,0,3.3875,0.95924,1.4567,2.2702,2.3355,0.922,0,2.6625,2.13,4.0971,0.58246,0.91064,0,0.86205,0,1.04,0.66673,13.46,2.9405,0,0.97417,0,0,1.5374,2.1604,0.40636,4.8442,1.1007,0.29186,1.1649,1.7337,1.3484,2.1865,3.8604,2.2992,0.28368,4.4062,1.0732,1.479,1.7833,1.4166,3.3123,20.503,11.886,4.8325,0,4.8983,0.80115,0,3.3678,0,1.9935,5.9127,0,0,0.90918,4.7381,0,0.85113,0.60264,0.14509,2.6958,0.54993,0,0,0,4.3375,0.53204,2.6536,0.74906,0.98102,1.1611,0.11422,1.3731,1.3636,2.2356,0,9.876,0.54513,1.882,1.3304,0,1.1641,12.876,3.4769,0.53607,1.1711,1.151,0,0,4.3209,1.8878,1.1337,2.5142,6.7575,1.31,1.1501,4.4395,0,0.48725,0,8.1975,0.3828,1.1478,1.2753,0.9527,1.4674,3.1197,0,3.4838,0.39679,1.3832,0.80861,0.57888,1.3864,0,0.63875,0.64955,2.5094,0,0.93012,0.56261,16.682,1.4475,0.90319,1.4134,1.0534,0,11.741,2.9652,1.2202,2.0427,6.3942,0,12.816,0,0.64042,7.1947,1.4513,0,1.3454,1.5695,1.6574,0,1.1882,2.678,1.1493,3.079,1.9144,3.792,1.5622,1.6336,3.1148,1.6788,0,0.35752,1.4495,1.307,5.8985,1.5249,0,0.31813,1.3024,0.24525,3.5709,0.79174,2.0568,4.3898,1.9144,2.9674,0.91804,1.8307,1.9379,1.6723,1.4245,4.0198,0,3.6319,14.8,2.1834,0,0,2.0096,4.0158,0,2.4742,1.7305,3.4015,1.1721,5.3739,0.15624,1.8328,1.7794,0.29001,2.5703,2.0587,1.3068,3.0695,0,0.74502,1.4042,1.2548,0.94762,5.8491,2.313,6.8533,2.0757,1.7152,2.42,1.7052,1.7253,5.9966
8.7194,11.855,8.9993,10.553,9.9942,10.48,14.271,8.1769,8.5391,9.4883,0,7.9578,8.4252,7.9347,31.038,4.9092,5.2536,27.232,6.5016,3.9057,3.8674,10.308,1.7768,7.5823,0.34063,6.3219,4.7518,0.093745,0,0,6.7042,0.94765,2.6674,2.3999,2.8114,0.54846,0,0,1.1168,37.294,0,2.3908,0.75767,1.2058,3.1267,7.301,0.84523,0,2.2469,1.8007,0,0.9059,0.97787,0,0.8887,0,1.0267,0.82273,0,2.866,0,1.1516,0,0,0.71583,2.0698,0.4995,4.5458,1.4779,0.25877,1.4471,1.6105,1.8506,2.3101,5.2951,2.0761,0.36683,3.815,1.018,1.012,1.7075,1.9224,2.7977,14.243,11.435,5.7294,0,6.2726,0.78308,0,3.4161,0,1.3137,3.8963,0,0,0.7859,3.8674,0,0.75965,0.57775,0.11414,2.4734,0.5224,0,0,0,4.1678,0.5446,2.8538,0.86775,1.0258,1.178,7.495,1.945,2.964,2.0229,0,7.5574,0.57383,1.6286,1.1385,0,1.1412,10.831,3.2617,0.52412,1.0207,1.1164,0,0,2.9277,1.8487,1.022,2.3066,6.2671,1.3878,1.1631,4.3757,0,0.76535,15.5,8.2473,0.25687,1.8548,0.66099,0.82029,1.8412,2.5733,0,4.036,0.39981,1.1258,1.2917,0.88261,1.3686,0,0.97238,0.46978,2.5627,0,0.98225,0.73373,21.22,2.1169,0.9147,2.0584,0.94811,0,14.841,3.3911,0.92158,0.87148,3.8547,0,0,0,0.91487,4.8044,1.3284,0,1.2383,1.4602,1.1118,0,0.67047,2.6929,0.99512,2.9846,1.8718,5.2334,1.5647,1.0793,3.35,2.0428,0,0.51313,2.0146,1.5194,6.8861,1.466,0,0.26773,1.2586,0.22008,3.1792,0.72879,1.4444,2.5851,0.90763,2.8328,0.80763,2.4468,1.5046,2.0501,1.3031,1.4002,0,3.5826,0.21938,2.7035,0,0,2.6539,5.1545,0,2.3911,1.6549,3.2912,1.0962,3.8603,0.24115,1.7626,1.6744,0.3031,3.1252,2.7189,1.3035,3.2802,0,0.99126,2.031,1.3711,8.6559,3.9368,2.6719,5.0647,1.852,1.9034,2.2023,2.0253,1.4329,6.3884
9.1806,6.1271,4.3252,3.8097,23.996,4.1092,3.1605,4.0722,5.3189,4.5039,7.9578,0,7.8606,10.924,0.92917,0.8675,9.6378,0,8.3493,0,0.58792,8.0463,0.50341,0.51089,0.35459,7.0142,4.624,0.085009,16.838,0,2.6027,0.58767,2.9659,2.8659,3.0195,0.30224,0,0,1.1592,1.1549,2.1151,6.8695,1.3371,0.90212,2.5857,2.0596,14.934,0,1.3835,2.4294,0,0.86172,1.0128,0,1.2893,5.2996,1.1273,0.73972,0,4.0295,0,1.0813,0,0,1.4984,2.2276,0.39986,9.4044,1.2016,0.2746,1.3732,1.6806,1.3085,2.6827,3.6998,2.5928,0.25181,5.1041,1.5357,1.4046,1.5772,18.4,3.6799,12.612,15.081,5.3203,0,7.0225,0.91053,0,4.207,0,2.1294,5.2176,0,0,0.7968,4.4946,0,0.75712,0.94923,0.12611,2.8858,0.7777,0,0,0,7.1069,0.66507,3.6323,0.89908,1.5026,1.5679,0.093451,1.1924,1.2323,3.2494,0,6.1467,0.45796,2.1785,1.4599,0,1.2391,11.045,4.2493,0.50277,1.3801,1.1992,0,0,3.3755,2.2004,0.56816,1.0997,4.9687,1.4579,1.6171,3.9641,0,0.42588,0,7.0975,0.27405,1.035,1.4048,0.56816,1.2183,3.092,0,3.03,0.35236,1.1833,1.2021,0.91947,1.5257,7.9818,11.286,0.26094,4.0275,0,0.78043,0.56467,12.257,1.3536,0.96761,1.2594,1.5543,0,16.643,3.1084,1.0919,1.6066,4.859,0,0,0,0.96785,4.0879,9.6126,0,1.1601,8.1408,0.64131,0,1.2299,4.1197,0.95108,2.0223,1.4318,5.3937,1.8943,1.0452,4.4495,1.6478,0,0.39574,1.252,1.4594,6.2141,2.0392,0,0.27278,1.3073,0.22304,2.4829,0.54964,2.2014,3.1251,1.8897,2.9162,0.78973,3.6978,1.9123,1.4041,1.9143,1.3092,0,4.7521,0.36369,2.4061,0,0,2.6786,5.3742,0,2.8846,1.5587,3.6276,1.4482,3.0672,0.15442,1.6641,1.6424,0.39975,2.7889,2.4342,1.6674,4.5033,0,0.82868,1.6754,1.7887,0.72482,4.6955,3.305,4.4347,1.4025,1.6069,1.5489,1.8247,1.7431,4.9319
3.8559,2.1178,2.5446,1.6667,2.3264,2.2215,1.4481,2.0842,28.239,1.9824,8.4252,7.8606,0,10.503,0.63917,0.50836,2.5336,0,7.3391,26.084,0.38736,9.8377,0.5645,0.33052,0.26205,5.1974,7.3058,0.061673,0,0,4.4218,0.89554,3.716,3.4007,3.4719,0.59403,0,0,1.0376,1.6745,18.244,14.076,1.044,1.0034,1.8647,2.4162,2.7746,0,23.018,1.8106,0,0.81139,0.76382,0,1.0278,9.0388,0.90955,0.52824,0,4.5566,0,0.7913,0,0,1.0894,1.7193,0.60153,7.0339,1.513,0.19637,2.1861,1.5371,1.3801,2.0316,3.7646,2.8808,0.31508,33.278,1.224,1.457,1.8285,7.548,2.4113,12.754,22.59,5.258,0,7.2301,0.77462,0,5.0579,0,1.46,4.4147,0,0,0.89101,4.2732,0,1.194,0.61006,0.084409,2.5679,6.6781,0,0,0,5.282,0.54321,4.5465,0.89893,0.54146,1.5331,0.11571,1.3303,1.3575,2.3135,0,5.566,0.53133,30.832,1.0869,0,1.4633,12.463,3.3378,0.38009,1.0399,0.95852,0,0,3.2784,1.3694,1.0212,1.6713,5.6145,1.306,1.4192,5.4301,0,0.40404,0,9.5442,0.31788,1.0291,0.87858,6.0379,1.2689,2.2651,0,3.5798,0.40964,1.3107,1.0885,1.0857,1.2344,0,1.2854,0.61319,1.348,0,0.90086,0.37961,14.844,1.3656,0.87413,1.412,1.0231,0,13.146,3.445,0.74119,1.6264,5.6892,0,0,0,1.2116,4.8617,1.5938,0,1.29,2.3131,1.6391,0,0.79419,3.5532,1.1625,2.4272,1.6967,5.0359,1.7177,0.98517,2.7747,1.3199,0,0.2855,1.3033,1.2313,4.2292,1.5012,0,0.19597,1.4397,0.34557,2.8918,0.91003,1.857,3.662,1.2058,2.2241,0.77605,4.6108,1.4087,4.0859,1.2604,1.1919,0,5.1486,0.22662,1.8009,0,0,3.1014,4.312,0,1.8364,1.6455,3.1723,2.0697,3.3003,0.1577,1.0569,2.6431,0.26276,4.1803,2.4343,1.9348,3.3205,0,0.63167,1.1067,0.76294,0.6819,5.6532,3.9222,4.2451,1.4214,1.8117,1.9576,1.2755,1.541,5.9659
16.344,9.618,11.337,9.0341,9.4008,8.7656,9.4203,8.4345,10.749,7.9594,7.9347,10.924,10.503,0,9.0854,7.6813,8.2598,6.7829,7.5495,7.4655,4.9387,8.3648,3.7708,3.3206,2.2755,4.369,7.6184,2.3635,2.4079,2.0822,3.8245,0.87197,2.57,2.2182,2.9664,0.40379,0,0,0.79644,1.8845,0,3.0748,0.96109,0.85945,1.8765,1.7194,0.86975,0,2.317,1.9072,0,0.67931,0.66153,0,0.98077,0,0.76485,0.56744,0,3.2707,0,0.68358,0,0,0.84506,1.5556,0.67674,4.1871,1.2327,0.19513,1.9344,1.4014,1.0361,2.2973,3.0476,1.8437,0.22859,4.9194,1.0359,0.93852,1.5447,1.6595,2.1237,12.956,14.679,4.2151,0,5.8097,4.4278,0,4.0284,0,1.4401,3.0833,0,0,0.70923,4.2032,0,0.66783,0.48732,0.083889,1.9483,0.56687,0,0,0,3.5958,5.2238,2.9862,0.98188,0.8422,1.5573,0.093288,1.0139,1.0368,1.5567,0,5.2074,0.45664,2.1,1.1645,0,1.2486,10.05,2.8754,0.38995,1.0982,0.84575,0,0,2.2048,1.2655,0.74861,1.7191,4.3746,1.0033,0.77764,5.3348,0,0.40788,0,11.959,0.2685,0.90192,0.73198,0.86831,1.0133,1.9886,0,3.1117,0.3573,0.94569,0.9094,0.75913,1.0042,0,0.81427,0.41636,2.3331,0,0.72823,0.37601,12.813,1.1064,0.84289,1.0846,0.76604,0,19.192,2.4221,0.69192,1.1169,3.639,0,0,0,0.78659,3.6009,1.0793,0,0.96934,1.369,1.1157,0,0.71771,3.0859,0.77762,2.0687,1.4777,4.6486,1.258,1.0338,2.3564,1.1256,0,0.30105,1.0724,1.0319,4.7718,1.1169,0,0.20782,1.4932,0.19424,2.5296,1.1231,1.2565,2.4059,0.99814,2.1071,0.78463,2.6202,1.1231,2.4614,1.4323,0.9615,0,3.3194,0.22312,1.9036,0,0,4.4257,3.7529,0,1.7046,1.1542,2.4857,1.3655,3.1054,0.13791,1.404,2.4146,0.2611,5.3595,2.9423,1.7057,2.7292,0,0.65265,1.0151,1.1461,0.68495,3.8297,2.561,4.5169,1.1806,1.2387,1.5681,1.1331,1.1542,4.7032
0,0,0,0,0,0,0,0,0,0,31.038,0.92917,0.63917,9.0854,0,0.66377,5.8064,34.016,7.2047,0,0.33833,9.2898,0.5518,9.9629,0.41501,7.7585,3.8505,0.1087,0,0,2.6403,1.0245,2.8222,2.4237,37.203,0.97125,0,0,1.2436,1.4992,0,1.4632,0.7439,1.5514,3.5499,37.802,0.79776,30.818,1.4202,1.7333,0,1.2947,1.1921,7.5597,1.0132,0,1.2433,0.9086,0,2.6853,0,1.3985,0,0,0.99135,2.4275,0.4902,4.1625,1.1611,0.28151,1.0394,2.2107,1.8556,2.3135,5.4339,2.2343,0.32919,2.4732,1.1343,1.0146,1.6429,1.8088,2.0679,14.162,11.259,4.542,4.4299,4.4245,0.72906,0,3.4071,0,1.8182,4.708,0,0,0.79891,3.2467,0,0.61837,0.46669,0.13086,2.9078,0.4739,0,0,0,4.7594,0.52166,2.3899,0.70258,1.1765,1.3222,9.983,1.605,1.8215,2.1217,0,10.112,0.52116,1.0659,1.0994,0,1.0281,11.162,3.0926,0.54151,0.97589,1.3121,0,0,3.2575,2.0013,1.2161,1.0531,5.1211,1.5488,1.2988,3.5249,0,0.55472,0,6.4908,0.37154,1.4353,0.81152,0.80383,2.1341,3.1022,0,3.1406,0.36535,1.2328,1.6868,0.99147,1.6649,0,1.0664,0.47525,2.6919,0,0.95013,7.1187,16.032,2.1315,0.84664,1.6679,0.79957,0,10.986,3.3937,1.0871,1.3489,4.0424,0,0,0,0.93842,4.2211,1.1423,0,1.3371,1.354,1.1111,0,1.0747,2.8482,1.0306,2.4322,1.6198,3.5112,1.7753,1.0877,2.6216,0.98256,0,0.59221,1.6427,1.7049,4.5399,1.8381,0,0.28157,1.4159,0.18383,2.5902,0.54748,1.4224,2.5757,1.1472,3.1866,1.1245,2.4394,1.9189,1.9581,1.2374,1.8066,0,2.9767,0.39634,2.8375,0,0,2.3098,4.3007,0,2.4402,1.9947,3.8015,0.76698,4.0983,0.1876,1.3309,1.3495,0.28709,2.382,1.9342,1.3617,2.6859,0,1.0331,2.1164,1.5204,1.0051,3.8042,2.0698,5.222,2.2896,1.9507,2.5903,1.2888,1.7121,4.8067
1.8514,0.98829,53.256,0.84874,1.0357,0.79313,0.80715,6.3382,0.94143,0.79076,4.9092,0.8675,0.50836,7.6813,0.66377,0,2.6376,0,3.5644,0,0.33225,7.0352,0.44932,0.29216,0.24606,4.5412,3.9984,0.058441,0,0,3.0694,0.76984,2.3224,2.6649,3.2481,0.39168,0,0,0.8255,1.505,0,2.6412,1.1912,0.92248,1.8395,1.7775,0.93357,0,1.6702,3.2816,0,0.75117,0.67633,0,0.7713,0,0.78807,0.56367,0,2.0792,0,0.69285,0,0,0.97785,1.5939,0.72058,4.5718,1.177,0.20156,1.3187,1.5408,1.0328,1.4792,2.9603,1.9307,0.23882,5.0366,13.558,1.1872,1.6764,1.7301,2.2373,13.933,8.5506,4.7593,0,5.8983,0.84093,0,2.3771,0,1.6444,3.4806,0,0,0.77386,6.189,0,1.2858,0.64598,0.087387,2.0675,0.63453,0,0,0,3.6336,0.49975,3.0841,0.68194,0.52323,1.1282,0.09678,1.0345,1.0447,2.2862,0,5.4157,0.48188,2.1503,22.987,9.5993,1.627,10.966,4.3798,0.3898,1.5434,0.86487,0,0,2.4203,1.2711,0.69939,1.4702,4.7159,1.035,1.1265,4.6613,0,0.39596,0,8.1326,0.26584,0.88527,0.83975,0.90537,1.0336,2.116,0,3.3761,0.38458,1.0404,1.0103,0.72289,1.0434,0,0.87707,0.36908,1.3933,0,0.77424,0.36779,13.054,1.0839,0.88369,1.0968,0.89988,0,11.465,2.4337,0.73296,1.2692,3.7661,0,0,0,0.9167,4.1756,1.1399,0,1.0436,1.4391,0.93973,0,0.73138,2.5318,0.84798,2.1922,1.5527,4.4644,1.2451,1.0433,2.3095,1.1511,0,0.29334,1.0785,1.0359,4.3894,1.2595,0,0.2144,1.5195,0.36183,2.7319,1.5423,1.5516,2.8499,1.1223,2.138,0.88683,3.2515,1.203,2.5239,0.92851,1.0866,0,4.0184,0.22838,1.8759,0,0,2.6564,4.141,0,1.7113,1.2286,2.4996,1.2567,3.2925,0.1441,1.0535,1.9331,0.16523,2.5695,1.8724,1.3238,2.5361,0,0.63456,0.98925,0.73099,0.66036,4.6615,3.316,4.683,1.234,1.2899,1.3218,1.1518,1.2466,4.6538
9.9128,5.6675,3.861,4.6178,5.6736,5.918,4.2499,5.1261,2.8018,5.2544,5.2536,9.6378,2.5336,8.2598,5.8064,2.6376,0,4.2945,7.3004,1.9344,2.688,9.2799,1.7089,0.74004,0.24128,4.7214,7.4805,0.057819,0,0,4.2576,0.99749,3.3452,2.9211,3.4914,0.53671,0,0,0.93049,2.1779,0,4.1191,0.89457,1.0447,1.7714,2.2084,0.67045,0,2.5056,1.5956,0,0.76724,0.69707,0,1.1048,0,0.82019,0.50351,0,7.1047,0,0.72927,0,0,0.94664,1.5648,0.54237,6.5342,1.6188,0.18125,1.9658,1.5316,1.3058,1.7912,3.5885,2.488,0.31451,5.5073,1.041,1.2217,1.686,1.8766,2.2108,12.561,19.038,5.2221,0,7.8834,0.77119,0,5.0899,0,1.3398,3.8451,0,0,0.81645,3.5458,0,0.98706,0.50392,0.078092,2.2747,0.49167,0,0,0,5.8303,0.51268,17.228,0.8618,1.0632,1.4752,0.11353,1.2068,1.2452,1.8363,0,5.1504,0.5009,2.3735,0.96041,0,1.2412,11.421,2.8756,0.35465,0.91646,0.86804,0,0,2.9047,1.3367,0.95604,2.1783,5.7104,1.1679,1.3254,5.5141,0,0.38542,0,9.3862,0.31521,0.96134,0.76705,1.3628,1.1584,2.0327,0,3.2984,0.37861,1.1945,1.0193,0.98883,1.1068,0,1.1197,0.57776,1.2736,0,0.84727,0.36609,14.206,1.2938,0.9026,1.2827,0.85176,0,12.921,3.2998,0.67322,1.4091,4.8842,0,0,0,1.0263,4.5158,1.48,0,1.1961,2.31,1.5241,0,0.74215,3.504,1.0814,2.2688,1.5866,5.9827,1.8101,0.97473,2.8478,1.2731,0,0.27368,1.1924,1.1175,4.4187,1.3159,0,0.18439,1.305,0.28772,2.6653,0.80017,1.5545,3.1554,1.0575,2.0385,0.7502,3.6006,1.2529,3.5312,1.1123,1.0974,0,4.7282,0.21286,1.7011,0,0,2.7131,4.3255,0,1.7959,1.4619,3.1919,2.0942,3.305,0.15033,1.797,2.7569,0.13904,4.1384,2.7368,1.906,3.3247,0,0.5973,1.0835,0.70694,0.65496,4.8095,2.48,4.1005,1.3446,1.6733,1.8429,1.2137,1.356,6.201
0,0,0,0,0,0,0,0,0,0,27.232,0,0,6.7829,34.016,0,4.2945,0,6.6885,0,2.7276,11.773,0.60136,29.308,0.27044,5.4667,5.3081,0.070105,0,0,5.4658,1.0725,3.6384,2.1439,3.4945,0.65151,0,0,1.0705,3.1687,0,2.289,0.52622,1.2395,2.2045,20.368,1.0105,0,1.2818,2.1699,0,0.87772,0.81501,0,0.80357,0,0.90419,0.57079,0,3.6576,0,0.94233,0,0,0.94874,1.6899,0.46608,5.8021,1.8017,0.19082,1.3841,1.8248,8.1312,2.7731,5.2003,2.5432,3.4252,3.6423,0.87306,0.86743,1.9185,1.4205,1.2092,13.879,14.18,5.1363,0,6.3331,0.64316,0,4.1567,0,1.2965,4.0217,6.3078,2.724,0.90298,4.0483,0,0.76538,0.30137,0.083335,2.4797,0.65368,0,0,0,4.1087,0.41518,3.5652,1.0359,0.9193,1.2393,8.0726,1.6105,1.7815,1.535,0,5.9337,0.63883,1.5529,1.2805,0,1.0847,12.704,2.4169,0.3789,1.229,0.93787,0,0,2.0044,1.4412,1.203,3.0484,4.8048,1.3321,1.1137,4.134,0,0.50962,0,7.7506,0.34808,1.3294,0.74934,0.78299,1.6006,2.1357,0,3.6643,0.42573,1.3238,1.1269,1.1263,1.2386,0,0.79884,0.63041,2.087,0,1.1082,0.61012,21.323,0.85462,0.79059,1.677,0.49051,0,11.36,4.2874,0.7088,1.4713,4.8339,0,0,0,0.71931,3.568,1.1645,0,1.4224,1.5456,1.0584,0,0.9189,2.2598,0.78478,2.9237,1.9455,4.6273,1.5623,1.5031,3.1701,2.3691,0,0.3498,1.5811,1.2956,5.1931,1.3756,0,0.19379,1.1475,0.22504,2.9421,0.67888,1.063,2.3472,1.058,2.1989,0.73627,2.2891,1.3785,1.9345,1.5115,1.1858,0,3.9367,0.23696,1.8917,0,0,2.2896,4.0891,0,1.7969,1.7744,2.8508,1.0465,3.9592,0.18117,1.6775,1.7667,0.22759,3.0346,2.7994,1.5239,3.0808,0,0.69408,1.7566,1.2115,0.94838,3.5119,2.5959,4.5804,1.7988,1.1293,2.8005,1.7926,1.4549,7.4834
11.817,7.2908,7.2951,6.29,6.8595,6.7509,7.2659,5.9272,3.838,6.1192,6.5016,8.3493,7.3391,7.5495,7.2047,3.5644,7.3004,6.6885,0,3.3288,4.3402,8.4668,3.0511,2.5771,1.5226,4.4435,6.4711,1.6145,0.90607,1.1239,4.2291,0.7659,2.5997,2.1857,3.2662,0.41766,0,0,0.80961,2.1398,0,3.0553,0.91989,0.88285,1.9321,1.8578,0.85576,0,2.2446,1.2296,0,0.69396,0.67207,0,0.50298,0,0.76534,0.57018,0,1.9399,0,0.70808,0,0,0.83407,1.5462,0.50277,4.3747,1.4582,0.19284,1.6059,1.5122,1.1823,16.55,3.5252,1.8517,0.24943,4.6271,0.92117,0.91589,1.5306,1.3249,2.1609,13.35,12.817,4.6084,0,4.6136,0.9286,0,2.2418,0,1.4337,3.1152,0,0,0.70038,3.0291,0,0.82388,0.46866,0.083572,1.9423,0.36769,0,0,0,3.852,0.53245,2.0356,0.64665,1.0065,1.5754,0.099504,1.0638,1.1168,1.5029,0,4.7655,0.46083,1.9745,1.076,0,1.0606,9.9298,2.895,0.386,0.70894,0.83996,0,0,2.2761,1.1343,0.76731,1.7979,4.932,1.0142,1.2916,5.7147,0,0.42355,0,10.843,0.31982,0.96086,0.72281,0.86298,1.0597,1.9651,0,3.1256,0.36025,0.94464,0.92103,0.76846,1.0075,0,0.78631,0.43204,2.5494,0,0.73934,0.39689,14.017,1.2497,1.2363,1.1413,0.75789,0,17.073,2.8061,0.68685,1.1081,3.6062,0,0,0,0.75225,3.802,1.1181,0,0.97744,1.3959,1.2151,0,0.74405,1.6143,0.80814,2.1627,1.528,3.8897,1.4115,1.124,2.5789,1.2488,0,0.30837,1.1176,1.0487,5.5448,1.1263,0,0.20821,1.2264,0.24211,2.5333,0.71063,1.2318,2.3716,0.98915,2.0902,0.64914,2.5094,1.1273,2.356,0.88294,0.9803,0,3.4518,0.22685,1.9011,0,0,2.6669,3.0592,0,1.4691,1.1806,2.6805,1.2442,3.298,0.14497,1.7448,1.7806,0.30692,3.9961,2.1905,1.7813,3.5094,0,0.66012,1.1147,1.724,0.72269,3.7356,1.8877,4.692,1.2376,1.3483,1.6994,1.1753,1.1457,5.8615
0,0,0,0,0,0,0,0,12.617,0,3.9057,0,26.084,7.4655,0,0,1.9344,0,3.3288,0,0.34078,8.7953,0.49954,0.29361,0.23213,4.4846,6.9556,0.055223,0,0,3.9529,0.77777,3.1618,2.7951,3.3448,0.4963,0,0,0.87394,1.9885,0,4.0542,0.95361,0.89584,1.6976,2.0113,9.1944,0,12.639,2.5564,0,0.71989,0.66245,0,0.91818,0,0.78189,0.49286,0,4.6288,0,0.68608,0,0,0.91987,1.5087,0.57974,5.6966,1.3488,0.17795,27.501,1.5055,1.1622,1.6898,3.2226,2.3413,0.27557,5.5855,1.1464,1.1866,1.6253,1.8803,2.1104,12.518,21.35,4.9879,0,7.0567,0.79686,0,2.7325,0,1.3536,3.6272,0,0,0.79111,5.374,0,1.1353,0.52604,0.076589,2.1523,8.817,0,0,0,4.498,0.53051,4.0552,0.80662,0.87351,1.3533,0.10181,1.1167,1.1412,1.9409,0,4.9563,0.47421,2.4072,1.4721,0,1.3164,11.053,3.1913,0.34714,1.5311,0.83355,0,0,2.6773,1.2219,0.88995,1.484,5.1056,1.0971,1.2929,5.4888,0,0.36723,0,9.032,0.28146,0.89422,0.75456,1.3165,1.0757,1.9694,0,3.1916,0.36553,1.1415,0.96214,0.93019,1.0501,0,1.0222,0.51711,1.2558,0,0.79723,0.34397,13.183,1.1661,0.89045,1.1865,0.84845,0,12.481,2.8721,0.65697,1.3353,4.6339,0,0,0,15.383,4.2078,1.2996,0,1.1337,1.9429,1.3593,0,0.6972,3.4304,0.98522,2.147,1.511,4.9816,1.4628,0.9286,2.4622,1.1758,0,0.26362,1.1118,1.0546,4.0584,1.2482,0,0.1827,1.3741,0.32963,2.581,0.87844,1.5136,3.0462,1.0305,1.9748,0.75083,3.6986,1.191,3.8453,1.0505,1.0403,0,4.4218,0.20489,1.6612,0,0,2.8631,4.0104,0,1.6394,1.3573,2.7096,1.7865,3.2646,0.14189,1.1272,2.5695,0.13961,4.0609,2.1833,1.6824,2.8235,0,0.57721,0.99472,0.68948,0.61845,4.811,3.6137,4.0282,1.251,1.4912,1.6992,1.1463,1.2859,5.2189
0.77765,0.54035,0.45676,0.45804,0.4568,0.55581,0.39642,0.39929,0.38484,0.51794,3.8674,0.58792,0.38736,4.9387,0.33833,0.33225,2.688,2.7276,4.3402,0.34078,0,7.601,0.51807,3.142,0.25341,4.9903,4.9989,0.063673,4.1741,0,3.6799,30.687,3.7025,2.3105,2.6473,0.58498,0,0,0.9333,1.9946,0,3.5593,0.87209,1.1479,1.9798,2.6426,0.96695,0,1.6588,2.0488,0,0.88708,0.73928,0,0.74075,0,0.8158,0.56211,0,3.3337,0,0.83012,0,0,0.95472,1.5952,0.57731,5.8811,1.1645,0.19184,1.3855,1.9598,1.5245,2.0696,4.0102,2.5622,0.71285,3.4499,0.88082,1.1445,1.4123,1.5813,2.3249,10.319,12.731,6.2757,0,6.8288,0.5571,0,3.076,0,1.4674,4.1843,0,31.82,0.84857,4.4249,0,0.77544,0.46956,0.087101,2.1117,0.63238,0,2.1958,0,4.1021,0.4,3.4864,0.69338,0.86093,1.0343,0.14294,1.32,1.414,1.6589,0,6.2258,0.56626,1.4868,1.207,0,1.0202,12.089,2.5045,0.37126,1.1502,0.87064,0,0,3.2935,1.7727,0.65955,1.5263,6.2666,1.1582,1.0109,3.0981,0,0.4424,0,7.2466,0.41098,1.1035,0.80213,1.0011,1.3386,2.0907,0,2.7715,0.31902,1.0139,1.1675,1.0836,1.1049,0,0.84703,16.602,2.021,0,0.9353,0.5005,17.687,1.5249,0.80409,1.3765,0.83605,0,8.7365,3.2812,0.72877,1.2545,4.7726,0,0,0,0.7381,5.9394,1.282,0,1.0327,1.5122,1.7448,16.739,1.001,2.1751,5.1671,2.6313,1.7676,4.8387,1.5112,1.3042,1.4708,2.0736,0,0.30901,1.3237,1.1387,4.8591,1.4642,0,0.2002,1.1928,0.22642,2.8186,0.86041,1.4904,3.0755,1.1209,2.1076,0.84148,2.9789,1.3229,2.7192,1.4059,1.3452,0,4.7767,0.27666,1.8311,0,0,2.2278,5.0024,0,2.2297,1.5285,3.1361,0.90337,3.9381,0.1311,1.2756,1.296,0.21194,2.8683,1.8948,1.3269,2.8383,0,0.63605,1.4662,1.0867,0.78452,4.712,2.8921,4.625,0.83228,24.322,1.6153,1.4933,1.2664,4.7985
18.731,14.723,9.0373,16.202,9.0313,6.063,16.89,8.1413,9.9217,6.4305,10.308,8.0463,9.8377,8.3648,9.2898,7.0352,9.2799,11.773,8.4668,8.7953,7.601,0,39.529,6.3604,10.046,8.0833,4.6748,24.663,4.5959,3.8381,6.794,2.8699,3.2504,3.2028,3.5662,1.6237,1.5776,1.0282,23.801,1.8806,1.8094,1.9305,0.61956,1.1706,3.6329,2.0377,0.67552,0,1.6349,1.4527,0,0.99609,2.0297,0,0.76396,0,1.3747,0.70548,0,2.153,0,1.208,0,0,0.85081,2.5838,0.34497,3.1815,0.82019,0.27246,0.87538,1.5951,1.1739,1.7931,3.6551,1.7243,0.19414,2.9812,0.76437,0.84463,1.7873,1.0537,2.0443,23.437,9.2701,2.9875,0,3.4411,0.59424,0,2.7237,0,1.11,3.6291,0,0,0.79541,2.7628,0,0.53152,0.38974,0.082148,2.6237,0.38694,0,0,0,3.6779,0.42449,1.8771,0.55934,0.81423,1.0879,0.080948,1.4779,1.3397,1.6278,0,7.0842,0.71069,1.2739,0.93609,0,1.0618,11.17,2.1097,0.61946,0.86212,1.4098,0,0,2.4462,0.98803,0.49017,1.5107,3.314,9.6702,1.0523,3.1602,0,0.68955,0,5.8016,0.21735,1.333,0.67602,0.49017,1.5473,2.1459,0,3.5379,0.40262,1.0867,1.3173,0.72597,1.5054,0,0.6272,0.33566,1.9753,0,1.0617,0.36299,13.131,1.3704,0.68104,1.5085,0.64294,0,9.408,2.341,0.69403,1.1614,3.2317,0,0,0,0.59252,2.8886,1.1202,0,1.2856,1.2835,0.84165,0,0.95498,2.2212,0.68365,2.9415,17.33,2.7364,1.3272,1.2174,2.0095,1.2633,0,0.54021,1.6995,1.6176,3.2853,1.4291,0,0.19896,1.0314,0.15966,2.7737,0.53105,1.1748,2.1268,0.95154,3.5186,1.0766,1.9955,1.2936,1.618,1.131,0.9761,0,2.2711,0.19446,3.7828,0,0,2.0104,2.5939,0,1.2608,1.5404,2.599,0.87527,3.5262,0.23715,1.0699,1.1523,0.20757,2.0389,1.5507,1.1108,2.7096,0,1.3225,1.2689,1.0755,0.96478,3.2108,1.5812,8.5523,1.1453,1.2696,1.4779,1.6715,1.3749,3.3274
1.128,0.75444,0.5298,0.82584,0.60949,0.60184,0.94888,0.49701,0.49728,0.53882,1.7768,0.50341,0.5645,3.7708,0.5518,0.44932,1.7089,0.60136,3.0511,0.49954,0.51807,39.529,0,0.32727,0.21469,7.4076,3.5109,0.10239,0,0,4.8282,0.65892,2.1897,2.0232,3.2866,0.41359,0,0,3.8886,1.9696,0,2.1185,0.7702,1.0371,2.943,1.7964,0.62309,0,1.5885,1.4208,0,0.84965,1.9818,0,0.70496,0,0.65422,0.92562,0,2.0904,0,1.0021,0,0,0.93241,1.4091,0.40809,3.1389,0.91793,0.25493,1.0345,1.6891,1.0069,1.6306,3.0688,1.6384,0.19043,2.9959,0.8648,0.82697,1.7912,1.28,1.982,23.765,8.7154,3.7318,0,4.1745,0.57657,0,2.5099,0,1.3999,3.176,0,0,0.7658,2.9774,0,0.58729,0.47524,0.1079,2.6722,0.38372,0,0,0,3.1318,0.41199,1.9907,0.60996,0.77363,0.93294,0.080243,1.2343,1.1351,1.5855,0,6.5446,0.29526,1.2805,0.92808,0,0.97024,10.809,2.4625,0.38182,0.79978,0.76325,0,0,2.2008,1.2243,0.77582,1.5068,4.1008,0.79294,0.96239,3.193,0,0.55631,0,6.0567,0.26795,1.0912,0.81833,0.62037,1.2897,2.4748,0,3.87,0.24299,1.0618,1.1136,0.70055,1.5866,0,0.75527,0.33905,1.904,0,0.92631,0.45682,13.272,1.1454,0.65884,1.2627,0.79101,0,10.743,2.0842,0.86334,1.1436,3.1042,0,0,0,0.70082,3.5257,1.0403,0,1.2491,1.1066,0.91153,0,0.86911,2.1505,0.66824,3.07,4.1589,3.2647,1.1375,1.1429,2.3681,1.1145,0,0.43785,1.3875,0.88622,3.9366,1.2164,0,0.26094,1.0617,0.17092,2.6368,0.69397,1.2003,2.091,1.1265,1.9936,1.0505,1.9159,1.3914,1.6609,1.0191,1.1486,0,2.5827,0.25027,1.8853,0,0,2.2532,3.1629,0,1.5422,1.3868,2.4957,0.8309,4.6731,0.23496,1.0896,1.2446,0.1997,2.3249,1.8198,0.99601,2.1241,0,1.0376,0.92858,1.0304,0.85737,3.1853,1.8934,7.9265,1.2855,1.1354,1.5402,1.2642,1.3986,3.9613
0.68626,0.49231,0.407,0.43713,0.39495,0.53599,0.38224,0.35135,0.3343,0.47006,7.5823,0.51089,0.33052,3.3206,9.9629,0.29216,0.74004,29.308,2.5771,0.29361,3.142,6.3604,0.32727,0,0.24918,4.9644,4.5841,0.063898,0,4.636,3.7628,1.0922,3.5013,2.6723,7.5201,0.61228,0,0,0.9296,1.991,0,3.058,0.68671,1.1675,2.0033,5.8778,0.87785,0,1.489,1.9088,0,0.87608,0.73384,0,0.68674,0,0.79817,0.55152,0,3.0915,0,0.84944,0,0,0.89221,1.551,0.53174,5.166,1.0468,0.18404,1.2444,2.0084,1.4667,1.9027,3.8898,2.3852,0.62016,3.3067,0.81861,1.0717,1.3757,1.3951,2.0029,9.8126,11.956,5.5636,0,5.8675,0.52279,0,3.3859,0,1.3484,3.9049,30.741,0,0.83175,3.9365,0,0.70561,0.42865,0.08332,2.0586,0.58213,0,0,0,3.6225,0.37456,3.1201,0.85831,0.77543,1.0339,0.15191,1.3793,1.4918,1.4926,0,6.1536,0.56569,1.4088,1.1279,0,0.95801,11.858,2.3123,0.35851,1.07,0.84638,0,0,3.0908,1.4757,1.0798,1.4996,6.6042,1.1502,0.95444,2.9072,0,0.45593,0,5.4869,0.40394,1.1466,0.7381,0.91645,1.414,2.0055,0,2.6871,0.31003,0.98818,1.1267,1.0653,1.0855,0,0.74546,0.63084,1.8346,0,0.94263,0.57357,18.694,1.5127,0.74265,1.423,0.74681,0,10.664,2.8457,0.69427,1.1892,4.4717,0,0,0,0.66694,5.584,1.1008,0,1.03,1.3532,1.6006,0,1.0619,2.0047,1.3394,2.6456,1.7563,4.3867,1.3361,1.451,1.4203,4.6911,0,0.3155,1.3738,1.1321,4.4141,1.3589,0,0.19131,1.1334,0.20652,2.7332,0.78296,1.378,2.9121,1.0374,2.0437,0.80634,2.7649,1.2843,2.397,1.3036,1.2437,0,4.0216,0.26179,1.7853,0,0,2.1021,4.2112,0,1.8287,1.4042,2.659,0.88723,3.8952,0.13083,1.1274,1.2055,0.19332,2.6396,2.3062,1.2548,2.5672,0,0.63005,1.4507,0.99457,0.82761,4.4658,2.4769,3.0781,18.916,1.7925,2.5445,1.5806,1.2242,4.3989
0.69764,0.4049,0.34841,0.39592,0.30955,0.42137,0.38791,0.29425,0.26712,0.31054,0.34063,0.35459,0.26205,2.2755,0.41501,0.24606,0.24128,0.27044,1.5226,0.23213,0.25341,10.046,0.21469,0.24918,0,8.3346,3.643,0.30352,0,0,4.6883,0.73081,2.7352,2.4866,3.1729,0.48505,0,0,0.60993,2.0713,0,2.1987,0.68437,1.0125,2.0307,1.8617,0.71903,0,1.5169,1.6841,0,0.71746,1.0084,0,0.57509,0,7.5246,1.4973,0,2.4309,0,0.78865,0,0,0.82891,1.0749,0.45803,3.7054,0.93296,0.2058,0.98394,1.5157,0.96696,1.8553,2.7144,1.9739,0.22286,3.372,0.71816,0.95042,2.5005,1.1088,1.5923,19.955,10.009,3.5123,0,3.9317,0.54752,0,2.8713,0,1.1886,2.9398,0,0,0.81449,3.1525,0,0.59345,0.37051,0.082464,3.0938,0.44053,0,0,0,2.773,0.33691,2.1346,0.62598,0.59505,0.91689,0.091542,1.1296,1.0661,1.2454,0,4.9024,0.4159,1.4325,1.0102,0,0.86932,11.553,2.0569,0.49636,0.93412,0.60587,0,0,2.3463,0.95498,0.91378,1.7866,3.8605,0.79344,0.85725,3.0277,0,0.39066,0,5.7351,0.2427,0.86776,0.64292,0.72462,1.1054,2.1352,0,3.7675,0.35271,1.2698,0.92505,0.8762,1.7612,0,0.58337,0.39782,1.4922,0,0.97185,0.31783,14.27,0.9967,0.62287,1.1662,0.60533,0,9.5516,2.245,0.67943,1.2716,3.0025,0,0,0,0.55582,3.4805,0.82696,0,1.3896,1.0866,0.95623,0,0.64934,1.7165,0.80105,3.2756,1.5536,3.0676,0.99382,0.88167,1.8329,1.1948,0,0.29938,1.1525,1.21,3.3546,1.0615,0,0.20907,0.96813,0.17564,4.2568,0.66412,1.1929,2.5936,0.904,1.4418,0.88533,2.2388,1.2697,1.8308,1.1392,0.91079,0,2.6299,0.19023,4.2615,0,0,1.8779,2.9735,0,1.2526,1.4368,1.895,0.93946,3.6455,0.19226,1.0212,1.2322,0.16496,2.2026,1.7111,1.1081,2.0458,0,0.69583,0.8661,0.80235,0.60611,3.8629,1.8016,5.1451,1.1111,1.2291,1.7422,1.1773,1.4803,3.735
