0,46.76,46.308,28.757,8.9845,4.1236,36.234,32.337,0,0,0,0,1.5411,1.2131,0,0,0,0,0,0,0,0,40.382,0,12.876,0,0,0,4.3862,0,0,0,1.5832,0,0,14.746,0.89549,1.8151,3.6998,0.1551,0,0,105.35,35.583,93.094,0.76576,51.09,45.544,26.744,0,0,0,0.51536,53.013,0,0,99.263,0,0,0,3.4021,0,0,0,0,56.521,0,21.967,0,14.872,0,14.984,4.6387,0,0,0,40.608,3.0545,4.5259,19.741,2.6683,49.042,35.107,6.172,0,0,0,0,0,0,0,11.119,7.0386,0,0,1.8827,0,0,22.12,0,0,21.254,0,2.093,0,20.796,11.46,0,0,0,0,0,0,3.3628,2.8064,0,20.835,1.5577,54.292,0,4.2119,0,0.813,0,0,1.192,0,0,0,7.5371,5.388,4.2953,0,5.2502,8.3831,0,2.9182,0,0,0,2.5119,0,0,0,0,0,0,0,0,0,11.991,2.8726,1.2108,3.0184,11.575,0.834,1.7104,0,31.653,2.9573,8.2076,0,0,1.4989,0,0,6.5268,15.898,9.4149,0,5.364,0,18.574,0,1.4738,2.0571,19.725,57.976,0,0,0,0,7.4234,7.791,1.2733,0,26.067,14.191,0.98102,4.7632,3.1994,3.998,0,0,0,9.5003,0.29865,8.6288,0,33.469,0,6.9854,0.67545,2.7025,4.5759,0.51882,0,0,1.2989,0.73173,4.4627,15.104,0,0,0,0,43.289
46.76,0,31.481,60.375,0,0,9.3431,0,0,33.97,37.165,0,63.288,1.2809,0,0,0,14.033,0,0,0,0,0,0,11.579,0,4.0463,0,3.5597,6.1715,0,0,2.765,0,0,4.4647,0.72784,2.8646,4.1043,0.14218,0,0,48.459,42.969,49.038,0.62171,64.73,57.06,44.614,0,0,0,0.45999,54.097,0,0,0,0,0,0,2.2178,0,8.8382,0,0,0,0,22.544,0,13.612,0,12.01,4.0352,0,0,0,29.677,2.7437,0,17.562,2.6611,38.772,30.448,44.853,0,0,0,0,0,0,0,9.5401,6.3864,0,0,45.901,0,0,0,0,0,2.4435,0,2.2066,0,18.491,11.914,0,0,0,0,0,0,2.9664,2.9341,0,16.517,1.6528,58.968,0,3.9237,0,0.72034,0,4.2878,1.0902,0,0,0,5.1729,4.5003,3.8599,0,4.6302,6.4557,0,3.0078,0,0,0,1.0951,0,0,0,0,0,0,0,0,0,12.53,1.7237,1.0085,3.1342,12.748,3.9487,2.3646,0,25.508,2.4701,10.104,0,0,3.1455,0,0,6.2997,15.368,7.2254,0,6.0962,0,15.87,0,0.98007,10.763,19.974,56.326,0,0,0,0,7.3885,8.0458,1.3123,0,28.449,18.447,0.70154,5.2804,3.2338,3.0034,0,0,0,10.515,31.639,6.9323,0,33.43,0,5.0131,0.67449,8.516,4.6754,0.55068,0,0,1.7959,0.67759,3.7595,15.653,0,0,0,0,45.857
46.308,31.481,0,21.342,23.39,19.455,53.006,33.742,2.5693,0,0,0,1.3663,1.9017,133.52,148.06,0,0,62.008,71.07,88.133,76.476,74.967,0,10.731,0,0,124.6,3.4448,0,0,0,70.262,0,0,5.4294,0.79714,2.9228,69.406,0.1477,0,0,31.273,19.294,34.732,0.61079,49.818,42.443,43.285,0,0,23.713,0.47636,30.547,0,0,2.8517,0,0,0,53.417,0,0,0,0,0,0,23.673,0,10.84,0.37057,17.153,6.3718,0,0,0,5.3984,2.3689,0,15.371,2.692,29.127,27.519,4.9375,0,0,0,0,0,0,0,9.7784,7.1129,0,0,1.842,0,0,0,0,0,3.0514,0,1.9895,0,16.667,10.486,0,0,0,0,0,0,2.5993,2.935,0,16.269,2.1322,51.903,0,3.861,0,0.65931,0,0,1.0952,0,0,0,4.86,5.0808,2.6942,0,4.9248,5.9172,0,2.6086,0,0,0,2.6392,0,0,0,0,0,0,0,0,0,11.697,3.8492,1.2856,2.7196,10.851,3.2522,3.7747,0,19.983,2.9345,10.72,0,0,3.2808,0,0,6.255,15.058,8.8609,0,5.6242,0,17.283,0,0.89727,5.4051,17.397,56.14,0,0,0,0,7.1403,7.7327,1.2,0,25.469,17.497,0.68582,5.2629,2.805,2.9256,0,0,0,11.387,0.46346,9.7983,0,30.268,0,4.3418,0.61332,10.309,4.2091,0.61624,0,0,2.5826,0.61569,3.0152,13.984,0,0,0,0,34.259
28.757,60.375,21.342,0,0,0,0,0,0,42.201,45.233,0,64.614,1.1705,0,0,0,25.39,0,0,0,0,0,0,0,0,14.361,0,3.1771,0.96952,4.1048,0,2.5343,0,0,5.1198,0.74582,2.685,3.6862,0.12613,0,0,74.332,42.706,48.43,0.55129,51.826,53.743,42.018,0,0,0,0.40696,50.963,0,0,0,0,0,0,2.032,0,7.4459,0,0,0,0,22.912,0,9.7475,0,11.878,3.943,0,0,0,29.339,2.3971,0,15.39,2.4375,37.245,27.871,54.113,0,0.49387,0,0,0,0,0,8.7184,5.7676,0,0,2.0343,0,0,0,0,0,3.1106,10.744,1.9352,0,17.485,10.883,0,0,0,0,0,0,2.5933,2.5456,0,14.546,1.8601,53.901,0,3.6564,0,0.6397,0,0,1.0082,0,0,0,5.3139,4.5106,3.6799,0,4.5028,5.7538,0,2.6515,0,0,0,1.0076,0,0,0,0,0,0,0,0,0,11.344,1.8236,1.1695,2.8105,13.291,3.4603,2.2714,0,23.28,2.4184,9.5665,0,0,2.8727,0,0,5.7966,14.014,6.7604,0,5.8012,0,14.925,0,1.0125,9.8525,18.261,52.263,0,0,0,0,6.6757,7.4095,1.2352,0,25.776,15.047,0.73088,4.8994,2.8597,3.0611,0,0,0,8.7696,0.4505,6.8975,0,30.767,0,5.9393,0.59575,7.6508,4.188,0.52697,0,0,1.3781,0.60156,4.166,13.871,0,0,0,0,41.47
8.9845,0,23.39,0,0,60.813,14.71,33.496,41.652,0,0,0,1.2148,1.699,127.38,137.35,0,0,48.209,36.512,96.919,0,0,0,0,0,0,6.5448,3.8422,0,0,0,1.6236,0,0,10.273,0.67485,12.241,2.0223,0.13587,0,0,37.609,21.534,35.538,0.68993,44.54,31.455,93.674,0,0,0,0.50914,20.134,0,0,0,0,0,0,2.8962,0,0,0,0,0,0,20.423,0,9.6159,0,15.825,5.9004,0,0,0,8.5395,1.8899,0,12.435,2.1202,26.61,14.492,3.7597,0,0,0,0,0,0,0,6.4162,6.3383,13.898,0,1.4145,0,0,0,13.998,0,3.7334,0,1.3102,0,15.828,8.8812,0,0,0,0,0,0,2.0968,2.329,0,17.32,2.1712,43.726,0,3.0559,0,0.54809,0,0,1.011,0,0,0,4.3145,4.6513,2.6863,0,4.5243,6.02,0,2.5291,0,0,0,2.3997,0,0,0,0,0,0,0,0,0,10.08,4.0556,2.1722,2.1978,8.936,2.475,3.1459,0,4.9306,3.062,10.729,0,0,2.9503,0,0,5.4203,12.497,10.335,0,4.6659,0,9.2809,0,0.87272,5.0096,14.498,44.998,0,0,0,0,5.8723,5.9339,1.0031,0,21.955,12.878,0.70631,4.3188,2.2556,3.1248,0,0,0,9.1271,0.43641,13.186,0,25.404,0,7.7113,0.50585,9.4117,3.4508,0.5357,0,0,2.3556,0.50857,3.1738,11.544,0,0,0,0,26.721
4.1236,0,19.455,0,60.813,0,11.299,29.695,42.713,0,0,0,1.1911,1.6705,141.43,120.55,0,0,45.097,28.905,80.108,0,0,0,0,0,0,0,3.8146,0,0,0,1.6041,0,0,10.074,0.66172,1.898,2.0156,0.14574,0,0,33.07,27.776,34.72,0.60696,50.048,40.597,92.945,0,0,0,0.61081,36.012,0,0,0,0,0,0,2.8395,0,0,0,0,0,0,20.047,0,9.1564,0,15.644,5.7961,0,0,0,26.26,1.8472,0,12.172,2.077,26.282,13.513,3.6745,0,0,0,0,0,0,0,6.3739,6.2201,5.9255,0,1.3813,0,0,0,2.524,0,3.6072,0,1.2829,0,6.3525,8.7671,0,0,0,0,0,0,2.0513,2.2838,0,14.682,2.1354,43.147,0,2.9913,0,0.53723,0,0,1.0019,0,0,0,4.772,4.5736,2.6402,0,4.4356,5.3235,0,2.483,0,0,0,2.3545,0,0,0,0,0,0,0,0,0,9.865,4.0353,2.4626,2.1541,8.7955,2.4197,3.4125,0,6.0297,3.3071,12.679,0,0,3.0304,0,0,5.3165,12.222,10.176,0,4.6016,0,14.276,0,0.31381,4.9705,14.287,43.743,0,0,0,0,5.7379,5.7963,0.98542,0,21.681,12.561,0.64683,4.2272,2.2062,3.0165,0,0,0,8.9102,0.43504,13.121,0,24.835,0,7.6858,0.49592,9.6069,3.382,0.53705,0,0,2.3303,0.49838,2.5261,11.328,0,0,0,0,27.37
36.234,9.3431,53.006,0,14.71,11.299,0,35.824,10.412,0,0,0,1.1512,1.6062,81.522,85.863,0,0,17.992,23.701,84.482,0,0,0,0,0,0,1.5138,3.123,0,0,0,2.3276,0,0,29.099,0.6636,2.4686,1.8202,0.12095,0,0,34.224,21.448,32.475,0.543,45.16,36.658,85.314,0,0,8.0893,0.50447,31.971,0,0,12.767,0,0,0,39.632,0,0,0,0,6.202,0,19.027,0,9.3122,0,14.556,5.7535,0,0,0,32.35,1.7451,0,11.34,2.025,24.532,26.198,3.6673,0,0,0,0,0,0,0,8.2351,5.9912,0,58.313,1.3539,0,0,0,0,0,3.0576,0,1.5023,0,15.128,8.1042,0,0,0,0,0,0,1.9118,2.2284,0,14.965,1.9677,39.957,0,2.8909,0,0.50419,0,0,0.92415,0,0,0,4.7389,4.3248,2.5443,0,4.3867,5.9474,0,1.8897,0,0,0,2.4227,0,0,0,0,0,0,0,0,0,9.3334,3.5454,1.7601,2.0326,8.1838,2.3688,7.5241,0,18.346,2.7242,9.6223,0,0,2.9444,0,0,5.122,11.705,7.4124,0,4.334,0,15.793,0,0.75064,4.5644,13.241,41.887,0,0,0,0,5.532,5.6024,0.92308,0,19.986,12.915,0.67575,4.0954,2.0902,2.765,0,0,0,8.8608,0.39255,11.92,0,23.786,0,5.3863,0.46801,10.243,3.1964,0.64399,0,0,2.1752,0.46736,3.448,10.43,0,0,0,0,27.174
32.337,0,33.742,0,33.496,29.695,35.824,0,26.725,0,0,0,1.1237,1.5685,26.622,24.38,0,0,0,0,26.57,21.76,0,0,0,0,0,19.858,3.3488,0,0,0,2.3276,0,0,9.7544,0.62219,91.795,34.457,0.12343,0,0,37.679,15.413,34.973,0.58087,41.524,33.085,85.314,0,0,0,0.3976,22.629,0,0,0,0,0,0,48.05,0,0,0,22.087,0,0,18.31,0,8.8164,0,14.234,5.404,0,0,0,7.8226,1.7167,0,11.262,1.9553,23.852,32.289,3.5224,0,0,0,0,0,0,0,5.8694,5.8221,0,0,1.311,0,0,0,0,0,3.5515,0,1.1864,0,14.713,8.1479,0,0,0,0,0,2.6965,1.8934,2.1416,0,16.449,1.9937,40.06,0,2.7661,0,0.48913,0,0,0.917,0,0,0,5.0494,4.2064,2.4482,0,4.1285,7.0826,0,1.8345,0,0,0,2.2557,0,0,0,0,0,0,0,0,0,9.0376,3.6766,1.7986,1.9847,8.2,2.3212,6.6599,0,17.886,2.7575,10.058,0,0,2.7735,0,0,4.8847,11.268,7.5584,0,4.3006,0,15.931,0,0.87174,4.5632,13.332,41.05,0,0,0,0,5.3143,5.3784,0.90396,0,20.089,12.264,0.7517,3.9367,2.0293,2.8863,0,0,0,8.4647,0.4039,12.132,0,22.901,0,5.3849,0.45191,9.1748,3.0877,0.5215,0,0,2.1149,0.45331,3.6404,10.331,0,0,0,13.19,25.958
0,0,2.5693,0,41.652,42.713,10.412,26.725,0,0,0,0,0.98117,1.4139,50.56,51.154,0,0,0,0,43.46,0,0,0,0,0,0,0,2.9288,0,0,0,2.17,0,0,8.4757,0.55795,2.3014,1.6703,0.13376,0,0,31.461,27.623,29.628,0.58469,41.398,33.637,79.537,0,0,0,0.42544,30.397,0,0,0,0,0,0,2.4591,0,0,0,0,0,0,16.753,0,8.6853,0,13.758,4.6307,0,0,0,12.123,1.4902,0,9.7136,1.6721,22.212,12.19,2.9627,0,0,0,0,0,0,0,5.415,5.0157,53.506,0,1.1166,0,0,0,54.764,0,3.4097,0,1.0172,0,14.621,6.968,0,0,0,0,0,0,1.6405,1.8373,0,17.586,1.9566,34.197,0,2.3381,0,0.44621,0,0,0.86646,0,0,0,4.2231,3.6793,2.1267,0,3.6744,5.6436,0,1.5312,0,0,0,1.9645,0,0,0,0,0,0,0,0,0,7.6668,3.4485,2.1757,1.732,6.9359,1.9209,5.7694,0,18.805,3.1332,10.85,0,0,2.5083,0,0,4.437,9.4981,7.6009,0,3.6474,0,20.662,0,0.79463,4.2608,11.315,33.743,0,0,0,0,4.454,4.499,0.78886,0,17.186,10.116,0.69538,3.3032,1.8003,2.903,0,0,0,7.4272,0.35986,11.008,0,19.26,0,6.3682,0.40964,7.8336,2.7821,0.49826,0,0,2.0613,0.41084,2.8428,9.0141,0,0,0,0,21.942
0,33.97,0,42.201,0,0,0,0,0,0,46.082,0,24.601,38.875,0,0,0,18.663,0,0,0,0,0,0,0,0,45.078,0,2.4679,0,0,0,2.1583,0,0,5.3028,16.518,2.1882,2.8754,0.097349,0,3.6804,57.348,36.075,41.192,0.42506,43.781,35.494,35.494,0,0,0,0.31482,43.052,0,0,0,0,0,0,1.5971,0,0,2.5774,0,0,0,18.698,0,10.286,0,13.041,3.8554,0,0,0,23.481,1.7169,0,11.113,2.9944,34.178,22.257,4.0243,0,54.012,0,0,0,0,0,7.3038,5.3214,0,0,1.4108,0,0,0,0,0,2.6057,0,1.4243,0,14.176,6.9376,0,0,0,0,0,0,1.8643,2.34,0,11.06,1.6455,41.658,0,3.1239,0,0.48272,0,0,0.84747,0,0,0,4.0382,4.146,2.3519,9.9177,4.3709,4.3476,0,1.8773,0,0,0,2.2714,0,0,0,0,0,0,0,0,0,9.5783,1.9052,1.7212,2.0884,10.84,2.4269,5.1102,0,20.419,2.3691,8.3899,0,0,2.6858,0,0,5.2928,11.538,5.0821,0,4.7601,0,13.488,0,0.84236,8.2572,13.599,42.997,0,0,0,0,5.5744,6.3311,0.94347,0,20.664,12.674,0.5539,4.1078,2.0785,2.4115,0,0,0,6.7792,0.38057,8.6025,0,25.426,0,4.998,0.46004,7.5927,3.1739,0.51559,0,0,1.6123,0.45134,3.4043,10.226,0,0,0,0,33.01
0,37.165,0,45.233,0,0,0,0,0,46.082,0,0,25.336,41.489,0,0,0,18.846,0,0,0,0,0,0,0,0,45.43,0,2.4632,0,0,0,2.1583,0,0,4.5854,16.518,2.1428,2.9151,0.097726,0,3.6435,56.993,34.893,41.192,0.4267,42.313,34.331,34.331,0,0,0,0.316,41.608,0,0,0,0,0,0,1.6123,0,0,0,0,0,0,19.088,0,10.286,0,13.385,4.0537,0,0,0,23.619,1.7273,0,11.113,2.9944,34.746,22.434,4.0243,0,54.304,0,0,0,0,0,7.5571,5.5006,0,0,1.4163,0,0,0,0,0,2.5054,0,1.4548,0,14.289,7.0551,0,0,0,0,0,0,1.8689,2.4071,0,11.117,1.4289,40.778,0,3.1887,0,0.4934,0,0,0.85428,0,0,0,4.0617,4.2875,2.3625,3.7151,4.7093,4.377,0,1.8774,0,0,0,2.4576,0,0,0,0,0,0,0,0,0,9.3562,1.6514,1.532,2.096,10.859,2.4042,5.3317,0,20.826,2.033,8.1896,0,0,3.0713,0,0,5.3994,11.8,5.1172,0,4.6681,0,13.478,0,0.8342,8.5104,13.31,43.44,0,0,0,0,5.6976,6.3311,0.94347,0,20.201,12.674,0.5566,4.1216,2.1098,2.4587,0,0,0,6.776,0.36781,9.6984,0,26.167,0,4.9848,0.46905,7.4193,3.23,0.50501,0,0,1.6682,0.46035,3.4013,10.226,0,0,0,0,33.01
0,0,0,0,0,0,0,0,0,0,0,0,0.77466,1.0132,0,0,0,0,0,0,0,0,0,0,0,0,0,0,1.4195,0,0,0,1.1835,0,0,6.8337,0.45212,1.1061,1.9124,0.098296,0,0,41.342,43.362,21.33,0.3886,50.201,44.43,46.73,0,6.7354,0,0.31998,41.449,0,0,0,0,0,0,1.1683,0,0,0,0,0,0,20.598,0,4.5612,0,21.278,3.244,0,0,0,22.173,2.4707,0,12.001,2.4466,32.792,23.15,3.9783,0,0,0,0,0,0,0,9.8286,8.2755,0,0,1.7388,0,0,0,0,0,3.4148,0,1.5703,0,8.8314,8.8712,0,0,0,5.926,0,0,9.2265,2.6643,0,10.093,1.096,46.951,0,2.216,0,0.34296,0,0,0.90357,6.1252,0,0,3.3209,5.4464,3.6361,0,3.0145,4.6882,0,1.6254,0,0,0,1.8536,0,0,0,0,0,0,0,0,0,9.3924,2.0119,3.4379,1.5373,8.0921,2.0676,4.043,0,19.644,1.867,6.345,0,0,1.3777,0,0,4.0226,9.9017,4.2514,0,3.8229,0,13.781,0,0.40779,6.5631,11.52,32.517,0,0,0,0,4.628,4.6425,1.4677,0,9.5705,7.299,0.49599,3.7255,1.2285,1.9871,0,0,0,5.7828,0.2364,23.6,0,25.749,0,7.393,0.68391,5.784,2.4613,0.49337,0,0,2.1414,0.32568,2.9715,11.124,0,0,0,0,22.673
1.5411,63.288,1.3663,64.614,1.2148,1.1911,1.1512,1.1237,0.98117,24.601,25.336,0.77466,0,117.07,0,0,0,34.724,0,0,0,0,0,0,0,0,40.85,0,2.1308,34.352,44.462,0,1.4139,0,0,4.5488,42.224,1.3168,2.421,0.089998,0,0,42.381,44.987,22.556,0.44059,45.422,43.605,46.065,0,0,0,0.29061,41.752,0,0,0,0,0,0,0.77744,21.09,0,0,0,0,0,18.903,0,5.4296,0,33.327,4.1927,0,0,0,19.684,2.4621,0,6.1226,2.2137,36.006,11.381,4.073,0,0,0,0,0,0,0,6.2653,12.133,0,0,1.6924,0,0,0,0,0,1.7274,14.216,1.2427,0,8.1193,6.8635,32.01,35.698,0,0,4.099,0,2.8434,1.0734,0,12.591,1.3592,37.685,0,2.4072,0,0.41456,0,0,1.5173,0,0,0,3.355,4.9223,3.1885,0,4.7686,3.7022,0,1.5656,0,0,10.298,2.5872,0,42.965,0,0,0,0,17.46,0,0,7.1277,2.2181,3.7281,3.1628,8.0123,2.3389,3.3098,0,16.933,2.1662,5.5967,0,0,1.9553,0,0,5.4897,4.9843,3.6618,0,4.1563,0,16.372,0,0.56341,4.023,11.503,31.622,0,0,0,0,2.2258,2.0807,0.955,0,16.849,11.315,0.5488,3.5036,2.1282,1.9712,0,0,0,8.4703,0.39169,29.549,0,18.892,0,6.8588,0.41469,7.8331,2.9729,0.39798,0,0,1.383,0.41081,3.0462,10.439,0,0,0,0,28.455
1.2131,1.2809,1.9017,1.1705,1.699,1.6705,1.6062,1.5685,1.4139,38.875,41.489,1.0132,117.07,0,0,0,0,76.925,0,0,0,0,0,0,0,0,24.084,0,2.0591,0,0,0,1.2485,24.869,0,7.9655,16.225,1.2546,1.641,0.090187,0,10.207,58.25,64.834,23.554,0.44867,23.791,50.347,25.9,0,0,0,0.29038,52.306,0,0,0,0,0,0,1.2737,0,0,15.854,0,0,25.829,16.718,0,8.9225,0,27.26,15.771,0,0,0,20.404,1.3956,0,10.107,2.1149,32.34,17.84,3.2836,0,0,0,0,0,0,0,7.6642,31.304,0,0,1.4838,0,0,0,0,0,2.8074,0,1.0271,0,8.0506,6.7442,0,0,0,0,4.401,0,2.178,2.6792,0,12.407,0.71161,35.167,0,2.2076,0,0.3788,0,0,1.3477,0,0,0,2.1941,4.4191,2.9231,0,2.2328,3.5657,0,1.4194,0,0,9.7239,3.1271,0,0,0,0,0,0,0,0,0,7.0032,1.2159,5.5277,2.6077,6.2814,1.6682,3.9425,0,15.323,2.1862,5.4602,0,0,2.9444,0,0,4.9472,8.752,5.1752,0,4.3066,0,15.419,0,0.63552,7.2263,8.4259,23.464,0,0,0,0,4.1378,4.1364,0.88042,0,15.682,9.5796,0.56286,1.2371,1.2625,2.4329,0,0,0,5.0622,0.57272,26.066,2.7479,17.438,0,6.726,0.42472,4.8352,3.0931,0.2342,0,0,2.2092,0.40375,2.1377,5.4732,0,0,0,0,15.37
0,0,133.52,0,127.38,141.43,81.522,26.622,50.56,0,0,0,0,0,0,30.755,0,0,18.353,19.555,20.978,0,0,0,0,0,0,0,2.6024,0,0,0,1.0421,0,0,7.9869,0.4735,1.6407,2.2177,0.12753,0,0,59.091,49.79,27.018,0.50139,60.125,41.936,38.78,0,0,0,0.40152,43.582,0,0,0,0,0,0,23.597,0,0,0,0,0,0,13.876,0,9.8189,0,17.954,3.754,0,0,0,20.686,1.0847,0,9.373,1.2991,25.035,16.318,2.0517,0,0,0,0,0,0,0,11.599,4.0285,11.963,0,0.81495,0,0,0,0,0,4.3393,0,0.97742,0,13.349,4.9324,0,0,0,0,0,0,1.2177,1.4525,0,13.474,1.1128,26.493,0,1.8485,0,0.33803,0,0,1.072,0,0,0,2.9318,3.8506,2.3027,0,3.1133,4.6997,0,1.1117,0,0,0,1.6304,0,0,0,0,0,0,0,0,0,5.9334,1.9667,3.2173,1.3317,5.8131,1.3837,3.404,0,21.211,2.0635,5.4709,0,0,1.8029,0,0,3.5022,5.7479,2.6533,0,2.8344,0,12.524,0,0.67836,5.5918,6.329,23.25,0,0,0,0,2.6491,2.6584,0.79118,0,12.952,9.2513,0.67875,2.2848,1.4352,1.4562,0,0,0,3.8913,0.29224,13.471,0,14.747,0,9.646,0.33854,5.5296,2.2986,0.43757,0,0,2.0924,0.33392,4.0172,6.9897,0,0,0,0,14.681
0,0,148.06,0,137.35,120.55,85.863,24.38,51.154,0,0,0,0,0,30.755,0,0,0,14.792,16.72,23.681,0,0,0,0,0,0,0,2.4745,0,0,0,0.99867,0,0,7.854,0.44349,1.5662,1.8939,0.12383,0,0,58.243,48.781,26.084,0.48415,57.654,40.188,50.389,0,0,0,0.39106,41.873,0,0,6.8603,0,0,0,28.845,0,0,0,0,0,0,13.183,0,9.4099,0,16.822,3.5797,0,0,0,19.915,1.036,0,8.9431,1.2407,23.817,23.393,1.9118,0,0,0,0,0,0,0,10.764,3.8454,27.565,0,0.77838,0,0,0,0,0,4.1394,0,0.92826,0,13.128,4.6014,0,0,0,0,0,0,1.1623,1.3861,0,13.05,1.0692,25.978,0,1.7528,0,0.32076,0,0,1.0124,0,0,0,2.89,3.6501,2.1836,0,2.9089,4.3997,0,1.0567,0,0,0,1.532,0,0,0,0,0,0,0,0,0,5.6237,1.886,3.0973,1.2703,5.5136,1.3329,3.253,0,19.817,2.0017,5.1874,0,0,1.7185,0,0,3.3198,5.4804,2.2826,0,2.7761,0,11.869,0,0.65165,5.3137,6.0368,22.053,0,0,0,0,2.5257,2.5346,0.74976,0,12.275,9.0716,0.66005,2.1677,1.3396,1.4469,0,0,0,3.7131,0.27874,12.841,0,13.971,0,9.4307,0.31752,5.3792,2.1416,0.40955,0,0,1.9869,0.31537,3.791,6.667,0,0,0,0,13.705
0,0,0,0,0,0,0,0,0,0,0,0,0,0,0,0,0,0,0,0,0,0,0,16.969,0,0,0,0,1.1457,26.366,27.33,0,1.4071,0,4.527,5.4099,0.49825,1.3199,1.2172,0.0856,0,0,35.653,34.948,22.978,0.3524,45.73,40.031,41.114,0,0,0,0.27676,36.402,5.058,5.9203,0,0,0,0,0.96095,0,0,0,0,0,0,21.066,43.846,4.6512,0,25.849,3.999,0,0,0,19.248,1.9417,0,8.6751,2.4582,14.071,17.702,3.6861,6.0487,0,0,0,0,0,0,7.6261,5.4604,0,0,1.1088,0,0,0,0,52.82,2.6673,0,0.7189,0,8.0143,3.2439,0,0,0,0,0,0,1.5939,1.769,0,7.2737,0.78376,34.692,0,1.7418,4.0169,0.25448,0,0,0.94842,0,0,0,2.562,6.0992,1.6855,0,3.3277,3.508,0,0.69393,0,0,0,1.9363,0,0,0,0,0,0,0,0,0,9.8274,1.6166,2.7689,1.9901,6.0058,1.5633,3.014,0,14.252,1.6482,5.2083,0,0,2.2512,0,0,4.7685,10.139,3.9275,0,4.3557,0,9.1899,0,0.38859,5.885,9.8784,21.544,0,0,0,0,5.2596,13.992,0.84445,0,15.409,4.7824,0.45683,2.9444,1.7527,1.5162,0,0,0,4.1201,0.19158,10.031,0,12.198,0,5.3749,0.22869,4.6901,1.5488,0.25794,0,0,1.6345,0.2321,2.2805,12.507,0,0,0,0,19.914
0,14.033,0,25.39,0,0,0,0,0,18.663,18.846,0,34.724,76.925,0,0,0,0,0,0,0,0,0,0,0,0,19.082,0,1.8786,0,6.9271,0,1.5887,33.046,0,7.4305,16.615,1.5577,2.0808,0.071988,0,9.1324,42.627,41.814,29.734,0.31398,38.88,46.548,31.242,0,0,0,0.23298,42.68,0,0,0,0,0,0,1.0964,0,0,12.617,0,0,30.791,13.961,0,9.2747,0,20.942,33.676,0,0,0,16.935,1.3666,0,8.8207,1.5529,31.019,15.53,3.3101,0,14.845,0,0,0,0,0,5.5157,4.0107,0,0,1.1593,0,0,0,0,0,1.9611,19.457,1.084,0,9.644,5.3318,14.193,38.988,0,0,0,0,1.4753,1.7803,0,7.9646,1.1666,34.795,0,2.3013,0,0.36274,0,0,0.6866,0,0,0,2.8874,3.1227,2.7907,0,3.5507,4.1626,0,1.467,0,0,0,5.0277,0,0,0,0,0,0,0,0,0,7.3976,2.0096,3.548,1.655,8.3617,1.9769,3.6723,0,14.424,1.4959,4.407,0,0,1.2439,0,0,3.936,8.5409,3.545,0,3.9937,0,9.9157,0,0.63427,6.257,11.53,33.024,0,0,0,0,4.1747,4.796,0.72852,0,17.196,9.5553,0.398,3.2615,1.616,1.7028,0,0,0,5.2882,0.42734,19.172,3.3435,19.782,0,4.1342,0.34464,3.1625,2.3978,0.35286,0,0,1.1694,0.33832,2.4546,7.9169,0,0,0,0,35.77
0,0,62.008,0,48.209,45.097,17.992,0,0,0,0,0,0,0,18.353,14.792,0,0,0,21.405,8.8401,0,0,0,0,0,0,0,2.0512,0,0,0,0.86732,0,0,6.7448,0.39797,1.3218,1.8694,0.10343,0,0,48.117,41.202,21.391,0.40087,47.716,34.489,32.206,14.469,0,0,0.32754,35.678,0,0,0,0,0,5.4534,1.1016,0,0,0,0,0,0,11.457,0,7.7903,0,15.031,3.0311,0,0,0,16.782,0.91127,0,7.6936,1.0885,20.321,20.311,1.7939,0,0,0,0,0,0,0,12.374,3.3779,0,0,0.68012,0,0,0,0,0,2.3537,0,0.79719,0,11.003,4.1519,0,0,0,0,0,0,1.024,1.2159,0,10.317,0.90279,22.789,0,1.5138,0,0.27725,0,0,0.89619,0,0,0,2.7124,3.1588,1.8761,0,2.5961,3.8182,0,0.92173,0,0,0,1.3477,0,0,0,0,0,0,0,0,0,4.8742,1.5961,2.6183,1.1209,4.7286,1.155,2.7867,0,17.01,1.6778,4.3878,0,0,1.5064,0,0,2.8457,4.8432,6.0709,0,2.4244,0,10.012,0,0.58606,4.622,5.3061,18.823,0,0,0,0,2.2271,2.2333,0.64809,0,10.588,7.8076,0.53146,1.8376,1.2024,1.3068,0,0,0,3.2207,0.24282,11.226,0,12.036,0,19.473,0.27686,4.5808,1.9339,0.35967,0,0,1.6661,0.27324,3.0192,5.905,0,0,0,0,12.845
0,0,71.07,0,36.512,28.905,23.701,0,0,0,0,0,0,0,19.555,16.72,0,0,21.405,0,8.5995,0,0,0,0,0,0,0,1.9893,0,0,0,0.85393,0,0,6.7465,0.38695,1.306,1.8646,0.10184,0,0,48.119,35.991,21.5,0.39325,33.618,34.052,31.735,11.391,0,0,0.32378,35.329,0,0,0,0,0,1.8041,1.102,0,0,0,0,0,0,11.259,0,7.7422,0,14.627,3.0068,0,0,0,16.37,0.89475,0,7.5505,1.071,20.099,20.761,1.727,0,0,0,0,0,0,0,10.131,3.3249,0,0,0.66853,0,0,0,0,0,2.3521,0,0.78216,0,10.997,4.0173,0,0,0,0,0,0,1.0047,1.1962,0,10.126,0.8966,22.439,0,1.4882,0,0.27185,0,0,0.87406,0,0,0,2.6107,3.1029,1.8476,0,2.5219,3.8468,0,0.90354,0,0,0,1.3157,0,0,0,0,0,0,0,0,0,4.7816,1.5821,2.5965,1.0999,4.6403,1.1415,2.7398,0,16.419,1.6623,4.2867,0,0,1.4831,0,0,2.7983,4.7543,27.86,0,2.4175,0,9.774,0,0.58833,4.5311,5.2065,18.465,0,0,0,0,2.1865,2.1928,0.63555,0,10.383,7.6834,0.52504,1.8054,1.1636,1.3061,0,0,0,3.1647,0.23849,11.05,0,11.812,0,10.151,0.27144,4.5657,1.8692,0.34925,0,0,1.639,0.26773,2.9072,5.7884,0,0,0,0,12.38
0,0,88.133,0,96.919,80.108,84.482,26.57,43.46,0,0,0,0,0,20.978,23.681,0,0,8.8401,8.5995,0,0,0,0,0,0,0,0,2.119,0,0,0,0.85829,0,0,6.8555,0.37778,0.95001,1.633,0.10708,0,0,52.081,42.679,22.541,0.41624,49.245,34.632,44.055,0,0,0,0.33913,36.248,0,0,6.425,0,0,0,28.369,0,0,0,0,0,0,10.997,0,7.8657,0,14.216,2.9552,0,0,0,17.31,0.88429,0,7.4846,1.0533,19.631,15.669,1.6749,0,0,0,0,0,0,0,8.9197,3.2546,47.906,0,0.66207,0,0,0,0,0,3.5636,0,0.77474,0,11.544,3.9097,0,0,0,0,0,0,0.99145,1.173,0,11.326,0.903,22.015,0,1.448,0,0.26732,0,0,0.85983,0,0,0,2.5314,3.0176,1.7954,0,2.4498,4.0786,0,0.89617,0,0,0,1.2861,0,0,0,0,0,0,0,0,0,4.6611,1.5881,2.6247,1.0801,4.5728,1.1358,2.7646,0,16.842,1.7165,4.3935,0,0,1.4451,0,0,2.733,4.649,2.6984,0,2.3815,0,10.04,0,0.56369,4.4981,5.1301,18.294,0,0,0,0,2.1406,2.1478,0.62125,0,10.173,7.7003,0.57011,1.7916,1.1357,1.295,0,0,0,3.1444,0.23599,10.796,0,11.535,0,8.9054,0.26578,4.8562,1.8167,0.34689,0,0,1.6403,0.26278,3.1755,5.6842,0,0,0,0,12.016
0,0,76.476,0,0,0,0,21.76,0,0,0,0,0,0,0,0,0,0,0,0,0,0,75.691,0,22.038,0,0,20.283,1.0359,0,0,0,36.136,0,0,7.7132,0.41842,14.934,4.6694,0.097265,0,0,36.47,39.236,17.522,0.36999,53.173,47.536,55.878,0,0,19.938,0.32089,40.949,0,0,0,33.474,0,0,0.97084,0,0,0,0,0,0,11.863,0,7.5274,6.4505,15.451,3.4655,0,0,0,22.03,1.1355,0,9.8046,1.8758,19.402,18.913,1.5985,0,0,0,0,0,0,0,5.7486,5.2419,0,0,0.91862,0,0,0,0,0,2.9017,0,0.96994,0,8.7709,5.2165,0,0,0,0,0,0,1.2329,1.9528,0,7.7109,0.91224,26.03,0,1.6669,0,0.31649,0,0,1.0825,0,0,0,2.8107,3.4378,2.056,0,2.646,3.9749,0,1.3549,0,0,0,1.4455,0,0,0,0,0,0,0,0,0,5.4059,1.6772,3.0813,1.2637,5.3733,1.6732,4.5398,0,15.594,1.8718,6.7879,0,0,1.5697,0,0,3.1499,5.1691,2.8198,0,2.795,0,14.362,0,0.34978,7.0812,6.3244,26.746,0,0,0,0,2.4258,2.4525,0.73799,0,12.454,11.547,0.32773,2.7066,1.3166,1.6525,0,0,0,4.9591,0.33218,12.039,0,13.744,0,5.2684,0.28808,6.2419,1.9673,0.34254,0,0,2.5477,0.28916,2.3626,6.487,0,0,0,0,11.515
40.382,0,74.967,0,0,0,0,0,0,0,0,0,0,0,0,0,0,0,0,0,0,75.691,0,0,8.6509,0,0,36.91,1.7504,0,0,0,30.537,0,0,7.4762,0.33869,1.1422,4.3746,0.067151,0,0,36.549,38.893,17.227,0.29264,53.201,44.476,49.581,0,0,11.642,0.21938,39.3,0,0,0,33.144,0,0,1.3013,0,0,0,0,0,0,9.6788,0,7.5847,6.4214,14.986,2.396,0,0,0,15.465,1.2634,0,8.1848,1.8477,16.243,13.571,2.7876,0,0,0,0,0,0,0,5.2685,5.1622,0,0,0.93083,0,0,5.1951,0,0,2.0399,0,0.87362,0,8.5773,5.3961,0,0,0,0,0,0,1.3627,1.9227,0,7.2634,0.89968,26.931,0,1.2479,0,0.31614,0,0,0.6227,0,0,0,1.9472,3.3851,2.0241,0,2.339,3.7471,0,1.7983,0,0,0,1.3702,0,0,0,0,0,0,0,0,0,5.3789,1.6537,3.1261,1.2914,5.6983,0.8509,4.4167,0,14.034,1.446,4.35,0,0,1.1747,0,0,2.4206,6.6841,3.7799,0,2.0576,0,9.6102,0,0.557,6.7655,9.4455,30.336,0,0,0,0,3.1826,3.2373,0.56831,0,12.688,11.645,0.36318,2.6385,1.3528,1.6109,0,0,0,3.3676,0.28675,12.739,0,13.592,0,3.6942,0.28261,3.6674,1.9384,0.19449,0,0,2.4622,0.28822,2.2262,6.7482,0,0,0,0,18.573
0,0,0,0,0,0,0,0,0,0,0,0,0,0,0,0,16.969,0,0,0,0,0,0,0,0,0,0,0,1.0023,31.904,41.85,0,1.2264,0,0,4.7606,0.46861,1.1404,1.1413,0.073566,0,0,30.115,29.939,19.864,0.29338,39.563,33.434,34.387,0,0,0,0.23758,30.517,45.811,14.197,0,0,0,0,0.83592,14.468,0,0,0,0,0,18.264,21.834,3.8926,0,17.105,3.6048,0,0,0,16.531,1.6092,0,6.2775,2.1853,13.335,15.143,3.1369,26.613,0,0,0,0,0,0,6.5098,4.8635,0,0,1.0096,0,0,0,0,1.9573,2.287,0,0.68286,8.4378,6.8451,3.0571,0,0,0,0,0,0,1.2413,1.4792,0,6.3067,0.74417,27.706,0,1.645,0,0.24162,0,0,0.79089,0,0,0,2.2171,5.4222,2.622,0,3.0629,2.9865,0,0.61835,0,0,0,1.6457,0,0,0,0,0,0,0,0,0,8.5644,1.4044,2.3656,1.6511,5.3331,1.3302,2.6069,0,12.101,1.3645,4.4187,0,0,1.9233,0,0,4.3102,8.0718,3.2482,0,10.475,0,7.9446,0,0.32867,5.1255,8.9241,18.482,0,0,0,0,4.5177,4.5242,1.1709,0,12.714,4.4368,0.37707,2.6346,1.5262,1.309,0,0,0,3.5922,0.16776,9.4532,0,8.1796,0,4.6537,0.2195,4.0768,1.4596,0.24491,0,0,1.424,0.2195,1.9693,9.9766,0,0,0,0,17.719
12.876,11.579,10.731,0,0,0,0,0,0,0,0,0,0,0,0,0,0,0,0,0,0,22.038,8.6509,0,0,0,0,3.1247,1.6801,0,0,0,0.93727,0,0,8.9137,0.35743,1.084,2.0985,0.064479,0,0,36.01,37.932,17.128,0.28098,51.332,42.388,45.385,0,0,11.868,0.21002,37.929,0,0,0,8.1688,0,0,1.2784,0,0,0,0,0,0,9.6849,0,8.0931,6.9574,15.319,2.5117,0,0,0,15.121,1.2589,0,7.9911,1.3501,22.447,13.286,3.5911,0,0,0,0,0,0,0,5.1383,5.3151,0,0,1.0359,0,0,15.439,0,0,2.0282,0,1.0011,0,8.548,5.4877,0,0,0,0,0,0,1.3297,2.005,0,7.0108,0.88765,26.986,0,1.2513,0,0.31156,0,15.855,0.6098,0,0,0,2.5548,3.4151,2.0822,0,2.4176,3.6216,0,22.249,0,0,0,1.4468,0,0,0,0,0,0,0,0,0,5.4227,1.7052,3.2601,1.299,5.7557,1.9382,2.0046,0,13.407,1.3678,4.0795,0,0,1.1466,0,0,2.4476,6.8087,3.007,0,2.8722,0,9.0703,0,0.54545,2.1832,9.524,30.575,0,0,0,0,3.2686,3.336,0.5677,0,12.842,11.802,0.34997,2.8118,1.3592,1.5434,0,0,0,5.6148,0.28227,13.06,0,13.861,0,3.6223,0.28089,3.6102,1.9324,0.34252,0,0,2.5648,0.28455,2.1468,6.6108,0,0,0,0,19.29
0,0,0,0,0,0,0,0,0,0,0,0,0,0,0,0,0,0,0,0,0,0,0,0,0,0,0,0,0.98866,3.6454,0,13.244,1.425,0,0,4.923,0.27671,1.2495,1.1715,0.076187,0,0,29.628,30.377,14.745,0.28978,39.751,33.675,35.626,0,0,0,0.2473,30.531,0,0,0,0,0,0,0.83271,0,0,0,0,0,0,11.713,0,3.7194,0,16.739,2.2729,0,27.958,0,16.926,18.03,0,5.8121,2.1065,20.465,15.17,3.4409,0,0,0,0,0,0,0,6.3929,6.1455,0,0,1.2915,0,0,0,0,0,2.2596,0,0.70441,0,6.7948,6.6938,0,0,0,0,0,0,1.6744,2.1784,0,6.4097,0.75229,31.67,0,1.9858,0,0.41663,0,0,14.56,0,0,0,2.2435,4.1013,2.3211,0,1.8391,3.0358,0,1.2396,0,0,0,1.2904,0,0,38.884,0,0,0,0,0,0,6.2917,1.3778,2.3802,1.905,11.529,1.6476,2.7975,0,12.598,1.3622,4.7123,0,0,1.0573,0,0,3.7058,6.1693,3.1352,0,3.1398,0,10.441,0,0.31667,5.5963,10.198,25.79,0,0,0,0,3.0251,2.9252,1.0163,0,15.143,4.5297,0.36867,2.8883,0.9117,1.3293,0,0,0,4.1098,0.15653,14.442,0,18.499,0,4.6573,0.38122,4.1098,2.6919,0.25266,0,0,1.5733,0.38493,1.9851,7.9188,0,0,0,0,25.359
0,4.0463,0,14.361,0,0,0,0,0,45.078,45.43,0,40.85,24.084,0,0,0,19.082,0,0,0,0,0,0,0,0,0,0,1.5361,12.419,24.373,0,1.4202,0,0,6.689,42.908,0.9185,1.6736,0.060296,0,15.753,33.492,33.605,23.423,0.26282,44.561,36.99,31.768,0,0,0,0.19495,33.78,0,0,0,0,0,0,1.208,12.191,0,0,0,0,0,12.626,0,7.4059,0,18.771,4.0078,0,0,0,13.884,1.1899,0,7.5741,4.1855,21.238,12.71,2.7528,0,3.3183,0,0,0,0,0,5.2939,3.856,0,0,0.99938,0,0,0,0,0,1.889,2.0643,0.98856,0,7.6835,4.8027,6.3543,16.655,0,0,0,0,1.2614,1.6923,0,6.5844,0.91209,28.255,0,1.9472,0,0.33045,0,0,0.60747,0,0,0,2.3695,2.8518,2.5293,0,3.1055,3.312,0,1.2144,0,0,0,2.2998,0,0,0,0,0,0,0,0,0,6.1425,1.6189,2.8287,1.4302,7.5904,1.5976,2.0519,0,12.925,1.2432,3.6746,0,0,1.1737,0,0,3.5237,7.7608,2.9079,0,3.2651,0,8.2523,0,0.49344,5.9763,9.4546,29.553,0,0,0,0,3.8041,4.1414,0.61748,0,13.865,7.9118,0.32841,2.181,1.4488,1.4699,0,0,0,4.289,0.36588,15.768,0,16.486,0,3.5692,0.30938,3.1384,2.1427,0.28977,0,0,1.1686,0.30415,2.032,6.715,0,0,0,0,27.103
0,0,124.6,0,6.5448,0,1.5138,19.858,0,0,0,0,0,0,0,0,0,0,0,0,0,20.283,36.91,0,3.1247,0,0,0,0.96789,0,0,0,25.374,0,0,7.6277,0.40849,20.939,37.922,0.086252,0,0,32.332,37.058,17.023,0.33127,39.839,43.238,50.616,0,0,13.132,0.28518,37.177,0,0,0,0,0,0,1.2587,0,0,0,0,0,0,11.621,0,6.6604,0.50863,14.907,3.1265,0,0,0,13.119,1.0194,0,8.3806,1.6409,20.625,13.081,1.6676,0,0,0,0,0,0,0,5.4273,4.6539,0,0,0.80628,0,0,0,0,0,2.7611,0,0.94694,0,7.7755,4.5697,0,0,0,0,0,0,1.113,1.7213,0,7.3097,0.85831,22.303,0,1.4985,0,0.2994,0,0,0.99103,0,0,0,2.6497,3.0971,1.8458,0,2.5679,3.7178,0,1.1697,0,0,0,1.372,0,0,0,0,0,0,0,0,0,4.8642,1.5716,2.9009,1.1462,4.5844,1.4141,5.0212,0,15.752,1.6915,6.0995,0,0,1.4355,0,0,2.9377,4.7244,2.4598,0,2.3861,0,12.838,0,0.5092,6.0333,5.4574,23.203,0,0,0,0,2.2078,2.2286,0.66112,0,11.102,9.4929,0.28468,2.3743,1.2602,1.5571,0,0,0,4.1987,0.28874,10.957,0,12.276,0,4.9366,0.28373,5.4834,1.923,0.32893,0,0,2.3579,0.28458,2.2194,5.9272,0,0,0,0,11.931
4.3862,3.5597,3.4448,3.1771,3.8422,3.8146,3.123,3.3488,2.9288,2.4679,2.4632,1.4195,2.1308,2.0591,2.6024,2.4745,1.1457,1.8786,2.0512,1.9893,2.119,1.0359,1.7504,1.0023,1.6801,0.98866,1.5361,0.96789,0,0.95241,0.45756,0,1.158,0,0,4.0674,0.25509,1.364,1.8525,44.495,28.168,0,36.41,35.74,16.787,42.359,34.023,36.945,32.538,0,0,0,16.008,38.458,0,0,0,0,24.062,0,0.96128,0,0,0,0,0,0,7.8926,0,4.8952,0,11.172,1.8739,0,0,0,16.386,0.86469,0,5.5144,0.95104,12.852,14.993,2.141,0,0,0,0,0,0,0,5.9879,2.8891,0,0,0.63364,27.266,0,0,0,0,1.9424,0,0.57296,0,9.3616,3.0078,0,0,4.6172,0,0,0,0.94278,1.0487,0,10.156,1.0302,16.11,0,1.0269,0,0.19942,22.21,0,0.78138,0,0,0,3.3386,2.1653,1.2378,0,1.7726,4.8394,0,0.59181,0,0,0,0.86417,0,0,0,0,0,0,0,0,0,3.4338,1.8139,2.2888,1.0161,3.3602,1.0205,3.1747,0,21.014,1.9824,5.1644,0,0,1.5523,0,0,1.931,5.0296,3.4714,0,1.7017,0,12,0,0.55786,4.1596,5.8301,13.482,0,0,0,0,2.3309,2.3462,0.46034,0,7.5366,5.2795,0.27622,1.2894,0.87845,4.2395,12.299,13.279,0,3.7654,0.27508,9.6397,0,8.4185,0,7.1457,0.1977,3.7057,1.3878,0.2954,0,0,1.1603,0.19772,4.3977,6.2304,0,0,0,0,14.941
0,6.1715,0,0.96952,0,0,0,0,0,0,0,0,34.352,0,0,0,26.366,0,0,0,0,0,0,31.904,0,3.6454,12.419,0,0.95241,0,17.693,0,1.3345,0,9.3768,4.7947,0.25011,1.1721,1.067,0.071781,0,0,29.132,29.421,18.976,0.28551,39.548,33.148,34.745,0,0,0,0.23268,29.993,0,0,0,0,0,0,0.79783,7.8239,0,0,0,0,0,11.671,46.832,3.7416,0,16.508,2.2546,0,0,0,16.188,1.2913,0,6.0451,1.2807,19.652,14.488,3.4382,0,0,0,0,0,0,0,6.1224,6.1672,0,0,1.2256,0,0,0,0,37.155,2.1882,0,0.63675,0,6.6566,5.7774,0,0,0,0,0,0,1.3399,2.311,0,6.0392,0.69394,31.473,0,2.1179,0,0.35548,0,0,1.2495,0,0,0,2.1336,4.3013,2.2617,0,1.6693,2.8795,0,0.58491,0,0,0,1.5324,0,0,0,0,0,0,13.42,14.02,0,6.4859,1.3436,2.3277,1.6475,5.2836,1.557,2.6365,0,11.802,1.3343,4.3783,0,0,1.0486,0,0,3.7428,6.4655,3.1112,0,3.6276,0,7.699,0,0.31501,5.6799,9.9793,20.777,0,0,0,0,3.3351,2.9507,1.0262,0,15.114,4.1575,0.36481,2.8504,0.83003,1.2577,0,0,0,3.9752,0.15937,14.008,0,19.879,0,4.3999,0.35615,4.0128,2.5149,0.22838,0,0,1.549,0.33259,1.8801,6.9239,0,0,0,0,18.46
0,0,0,4.1048,0,0,0,0,0,0,0,0,44.462,0,0,0,27.33,6.9271,0,0,0,0,0,41.85,0,0,24.373,0,0.45756,17.693,0,0,1.3051,0,0.96883,4.7564,0.24024,1.1509,1.0305,0.070671,0,0,29.237,29.316,18.854,0.28738,39.527,33.321,34.807,0,0,0,0.22898,30.118,0,7.7459,0,0,0,0,0.78922,10.791,0,0,0,0,0,13.572,37.468,3.7971,0,16.418,3.2643,0,0,0,16.001,1.208,0,6.151,3.9949,19.354,14.322,3.3989,0,0,0,0,0,0,0,6.0582,6.1333,0,0,1.1339,0,0,0,0,24.901,2.1721,0,0.61158,0,6.5669,5.4422,0,11.595,0,0,0,0,1.267,2.3111,0,5.9518,0.66662,30.76,0,2.1373,0,0.33724,0,0,1.1672,0,0,0,2.1061,4.2198,2.2287,0,1.6087,2.8404,0,0.57751,0,0,0,1.5717,0,4.2868,0,0,0,0,18.651,2.8549,0,6.5186,1.3363,2.3241,1.5581,5.0959,1.5062,2.5905,0,11.6,1.3408,4.2926,0,0,1.0578,0,0,3.7386,6.4358,3.1396,0,3.8338,0,7.568,0,0.3182,5.5678,9.5854,20.039,0,0,0,0,3.3477,2.9917,0.99644,0,14.856,4.0337,0.36782,2.8178,0.80142,1.2395,0,0,0,3.8937,0.15855,13.849,0,19.89,0,4.3403,0.33913,3.9904,2.3843,0.21939,0,0,1.5283,0.31536,1.8536,6.6888,0,0,0,0,17.804
0,0,0,0,0,0,0,0,0,0,0,0,0,0,0,0,0,0,0,0,0,0,0,0,0,13.244,0,0,0,0,0,0,0.9118,0,0,4.2073,0.28488,0.9433,0.90609,0.065454,0,0,32.142,34.639,14.943,0.28438,35.29,33.96,36.824,0,3.133,0,0.21172,32.054,0,0,0,0,0,0,0.72981,0,0,0,0,0,0,12.631,0,4.518,0,17.556,1.9387,0,0,0,14.296,34.307,0,9.1046,1.3708,19.051,12.418,2.5365,0,0,0,0,0,0,0,4.5305,4.2674,0,0,0.87763,0,0,0,0,0,1.5615,0,1.4443,0,5.9461,5.3541,0,0,0,0,0,0,1.5773,1.4133,0,6.8318,0.46082,30.027,0,1.4424,0,0.43186,0,0,26.9,0,0,0,1.952,3.2245,1.934,0,2.0092,2.2444,0,0.89342,0,0,0,1.0933,0,0,20.074,0,0,0,0,0,0,4.4074,1.186,2.6509,1.8059,6.63,1.7382,2.3995,0,8.7014,1.322,3.9651,0,0,0.99422,0,0,2.3596,4.7407,2.9208,0,2.2695,0,8.8102,0,0.36074,4.769,10.28,26.309,0,0,0,0,2.0888,1.7417,0.65587,0,11.497,3.9718,0.33748,1.8892,1.2769,1.2164,0,0,0,3.3336,0.22037,13.835,0,12.316,0,4.0593,0.42899,3.4884,3.1672,0.15166,0,0,1.2928,0.45117,1.7409,7.1763,0,0,0,0,10.752
1.5832,2.765,70.262,2.5343,1.6236,1.6041,2.3276,2.3276,2.17,2.1583,2.1583,1.1835,1.4139,1.2485,1.0421,0.99867,1.4071,1.5887,0.86732,0.85393,0.85829,36.136,30.537,1.2264,0.93727,1.425,1.4202,25.374,1.158,1.3345,1.3051,0.9118,0,0,0,5.8834,0.30724,0.51523,12.229,0.044152,0,0,39.762,46.938,20.512,0.23368,36.557,38.549,43.84,0,0,4.5719,0.14059,38.161,0,0,0,12.09,0,0,0.83586,0,0,0,0,0,0,9.2937,0,6.6855,0,15.135,2.0254,0,0,0,8.6683,1.3475,0,4.54,1.1038,15.577,7.9325,2.0757,0,0,0,0,0,0,0,4.0405,3.165,0,0,0.71565,0,0,0,0,0,1.7408,0,0.91237,0,6.2667,3.2438,0,0,0,0,0,0,1.4393,1.1797,0,6.261,0.45961,17.169,0,1.0641,0,0.23376,0,0,1.2504,0,0,0,2.2732,2.2518,1.2924,0,2.3851,2.3766,0,1.6185,0,0,0,1.5208,0,0,0,0,0,0,0,0,0,3.533,0.84499,3.6794,1.0594,3.7377,1.3353,4.181,0,9.9554,1.1444,4.0705,0,0,1.2062,0,0,2.209,3.2887,3.3345,0,1.8383,0,8.3262,0,0.58421,8.2789,3.8417,15.716,0,0,0,0,1.48,1.4503,0.47988,0,7.9404,8.1098,0.29567,1.5753,1.2716,1.7156,0,0,0,2.0432,0.29101,13.141,0,8.7875,0,4.3924,0.24595,4.3732,1.802,0.19971,0,0,1.6078,0.2471,1.9164,5.4738,0,0,0,0,14.235
0,0,0,0,0,0,0,0,0,0,0,0,0,24.869,0,0,0,33.046,0,0,0,0,0,0,0,0,0,0,0,0,0,0,0,0,0,4.9643,0.22144,1.132,0.95718,0.071415,0,0,31.52,31.014,23.001,0.28915,29.335,27.712,27.925,0,0,0,0.23109,31.089,0,0,0,0,0,0,1.1437,0,0,42.383,0,0,12.957,10.591,0,3.7297,0,16.9,5.5915,0,0,0,17.769,0.85098,0,5.586,1.1326,26.074,15.685,2.1393,0,0,0,0,0,0,0,6.2996,3.8315,0,0,0.66214,0,0,0,0,0,2.4823,0,0.56365,0,7.0209,3.6313,0,0,0,0,0,0,0.92913,1.3217,0,5.9723,0.61458,22.697,0,1.7134,0,0.25799,0,0,0.80415,0,0,0,2.0653,3.4265,2.3309,0,2.9616,3.0233,0,0.55089,0,0,0,0.7468,0,0,0,0,0,0,0,0,0,4.9322,1.6857,2.5229,1.046,4.6676,1.085,2.7637,0,11.454,1.3359,4.1813,0,0,1.923,0,0,2.946,4.719,3.2306,0,2.5387,0,7.3542,0,0.31113,4.4391,6.4046,13.894,0,0,0,0,2.187,2.1974,0.64553,0,10.49,5.6381,0.37258,1.3958,0.74415,1.2272,0,0,0,3.1029,0.31744,14.008,0,12.624,0,4.3794,0.24371,4.4624,1.6573,0.20227,0,0,1.261,0.23694,1.8297,5.2459,0,0,0,0,15.702
0,0,0,0,0,0,0,0,0,0,0,0,0,0,0,0,4.527,0,0,0,0,0,0,0,0,0,0,0,0,9.3768,0.96883,0,0,0,0,3.8346,0.32749,0.91132,0.88777,0.059523,0,0,27.048,25.951,15.55,0.25865,31.3,30.119,31.716,0,4.5021,0,0.1917,27.987,0,0,0,0,0,0,0.68587,0,0,0,0,0,0,14.138,0,3.9072,0,12.614,2.596,0,0,0,13,1.4549,0,6.4875,1.2117,10.055,11.995,2.5307,0,0,0,0,0,0,0,5.1633,3.5542,0,0,0.76757,0,0,0,0,0,1.7717,0,0.51033,0,5.4123,8.6369,0,0,0,0,0,0,1.1399,1.3093,0,5.26,0.5573,28.062,0,1.2388,0,0.18095,0,0,0.79849,0,0,0,1.8148,4.2043,1.1947,0,2.1183,2.3619,0,0.54504,0,0,0,1.418,0,0,0,0,0,0,0,0,0,7.5917,1.1138,1.9946,1.6682,4.2878,1.15,2.1132,0,9.6452,1.1836,3.5216,0,0,1.5544,0,0,2.894,6.5179,2.7183,0,2.4004,0,6.6237,0,0.32352,4.0945,7.8256,15.561,0,0,0,0,2.9316,2.9608,24.11,3.8122,11.647,3.5492,0.30831,2.0053,1.3005,1.0782,0,0,0,2.8621,0.15371,7.2499,0,18.163,0,3.827,0.1666,3.2177,1.1194,0.18341,0,0,1.129,0.1666,1.6279,9.1774,0,0,0,0,13.502
14.746,4.4647,5.4294,5.1198,10.273,10.074,29.099,9.7544,8.4757,5.3028,4.5854,6.8337,4.5488,7.9655,7.9869,7.854,5.4099,7.4305,6.7448,6.7465,6.8555,7.7132,7.4762,4.7606,8.9137,4.923,6.689,7.6277,4.0674,4.7947,4.7564,4.2073,5.8834,4.9643,3.8346,0,4.7381,3.189,3.2182,2.4142,1.6481,2.4533,31.586,38.148,15.629,0.83806,39.399,33.815,32.949,0,0,13.686,0.192,32.349,0,0,0,29.943,0,0,0.52856,0,0,0,0,0,0,7.9016,0,5.3469,19.685,7.9877,2.2733,0,0,0,15.195,0.98771,0,5.6323,0.79797,8.8775,12.773,1.9453,0,0,0,0,0,0,0,6.5486,2.1224,0,0,0.79689,0,0,0,0,0,1.9861,0,0.58609,0,6.125,3.0506,0,0,0,0,0,0,1.1417,0.91537,0,8.6851,0.94307,20.962,0,1.1276,0,0.19801,0,0,0.68665,0,0,0,2.4312,1.6711,0.95413,0,1.9976,2.8068,0,0.96416,0,0,0,1.2117,0,0,0,0,0,0,0,0,0,4.229,1.68,2.1778,1.2039,4.537,1.6437,4.3387,0,12.921,1.3407,3.6681,0,0,1.345,0,0,1.9976,4.2618,2.9115,0,2.3364,0,11.13,0,0.3184,3.756,6.4331,15.936,0,0,0,0,2.0136,2.2414,0.40699,0,9.5108,5.4774,0.33542,1.5157,0.93033,1.3338,0,0,0,3.5495,0.245,10.024,0,9.6517,0,5.728,0.19584,6.8792,1.3819,0.43609,0,0,0.78713,0.19479,1.9193,5.0845,0,0,0,0,14.175
0.89549,0.72784,0.79714,0.74582,0.67485,0.66172,0.6636,0.62219,0.55795,16.518,16.518,0.45212,42.224,16.225,0.4735,0.44349,0.49825,16.615,0.39797,0.38695,0.37778,0.41842,0.33869,0.46861,0.35743,0.27671,42.908,0.40849,0.25509,0.25011,0.24024,0.28488,0.30724,0.22144,0.32749,4.7381,0,0.90034,0.90564,0.06652,0,43.269,35.911,38.496,15.744,0.28877,35.279,35.57,23.573,0,0,0,0.21522,34.209,0,0,0,0,0,0,0.9025,0,0,0,0,0,0,9.2927,0,5.4717,0,18.682,3.1785,0,0,0,14.878,1.0144,0,7.7593,1.3575,20.569,12.184,1.9856,0,0,0,0,1.8233,0,0,4.6715,4.6834,0,0,0.69404,0,0,0,0,0,1.6795,0,0.60019,0,5.4824,3.6104,0,0,0,0,38.71,0,1.1763,1.6793,0,7.0681,0.44195,25.597,0,1.3742,0,0.21389,0,0,0.83361,0,0,0,1.4146,2.6774,1.7965,0,3.1073,2.2197,0,0.76495,0,0,0,12.193,0,0,0,0,0,0,0,0,0,5.0548,1.088,3.1755,1.3428,4.2293,1.1261,2.3989,0,8.6193,1.3299,3.932,0,0,1.8471,0,0,2.7496,5.0164,3.0635,0,3.12,0,8.7705,0,0.37792,4.6016,5.1477,16.046,0,0,12.42,0,2.3927,2.4276,0.58025,0,11.521,6.0263,0.34653,0.94338,1.051,1.252,0,0,0,3.2156,0.22678,14.551,0,11.236,0,4.0959,0.22495,4.1545,1.6177,0.14545,0,0,1.3097,0.21531,1.7282,4.5388,0,0,0,0,16.515
1.8151,2.8646,2.9228,2.685,12.241,1.898,2.4686,91.795,2.3014,2.1882,2.1428,1.1061,1.3168,1.2546,1.6407,1.5662,1.3199,1.5577,1.3218,1.306,0.95001,14.934,1.1422,1.1404,1.084,1.2495,0.9185,20.939,1.364,1.1721,1.1509,0.9433,0.51523,1.132,0.91132,3.189,0.90034,0,44.851,0.49829,0,0,35.795,44.232,20.29,0.19366,38.494,41.395,42.707,0,0,0,0.12085,37.484,0,0,0,0,0,0,0.80655,0,0,0,0,0,0,9.0026,0,4.8301,0,13.526,1.8074,0,0,0,7.5914,0.78603,0,5.4751,0.90344,12.725,7.4323,1.6194,0,0,0,0,0,0,0,4.2195,2.8052,0,0,0.59768,0,0,0,0,0,1.7295,0,0.70434,0,6.081,2.7808,0,0,0,0,0,0,0.86794,0.98037,0,6.3076,0.44404,14.817,0,0.95579,0,0.22189,0,0,0.96352,0,0,0,2.3674,2.0824,1.1696,0,2.1875,2.3931,0,1.1387,0,0,0,1.2937,0,0,0,0,0,0,0,0,0,3.1098,0.79171,3.1119,0.90643,3.136,1.0082,2.2362,0,10.355,0.94687,4.3452,0,0,1.1455,0,0,2.083,3.33,3.0109,0,1.5701,0,9.0719,0,0.53524,5.7707,3.3278,12.861,0,0,0,0,1.4826,1.3589,0.42036,0,6.883,5.7202,0.24581,1.2836,1.0697,1.8428,0,0,0,2.0689,0.2162,10.91,0,7.6978,0,4.2339,0.21875,3.6996,1.5466,0.21178,0,0,1.2381,0.21967,1.8931,4.7559,0,0,0,0,11.578
3.6998,4.1043,69.406,3.6862,2.0223,2.0156,1.8202,34.457,1.6703,2.8754,2.9151,1.9124,2.421,1.641,2.2177,1.8939,1.2172,2.0808,1.8694,1.8646,1.633,4.6694,4.3746,1.1413,2.0985,1.1715,1.6736,37.922,1.8525,1.067,1.0305,0.90609,12.229,0.95718,0.88777,3.2182,0.90564,44.851,0,1.3712,0.53799,0.5292,17.321,18.689,12.04,0.25546,17.398,16.265,45.449,0,0,0,0.20009,16.19,0,0,0,0,0,0,0.80287,0,0,0,0,0,0,5.6822,0,4.6675,0,10.763,1.5392,0,0,0,14.255,0.8318,0,5.4852,0.95498,12.351,13.505,1.8005,0,0,0,0,0,0,0,5.9918,2.8011,0,5.7162,0.6479,0,0,0,0,0,2.0959,0,0.56843,0,3.3716,2.8823,0,0,0,0,0,0,0.90976,1.0263,0,6.2535,0.86723,15.31,0,0.95792,0,0.1495,0,0,0.82287,0,0,0,2.3898,2.0074,1.1594,0,1.2152,2.2563,0,0.59678,0,0,0,0.6773,0,0,0,0,0,0,0,0,0,3.1827,1.6705,2.7697,0.93947,3.279,1.1089,18.201,0,10.219,1.3213,4.1883,0,0,1.1822,0,0,1.4598,4.4613,2.5501,0,1.631,0,8.7186,0,0.44203,5.0865,6.086,13.385,0,0,0,0,2.1247,2.3036,0.42893,0,7.0894,6.1928,0.31129,1.1201,0.62825,1.3304,0,0,0,3.6405,0.31698,11.495,0,7.8709,0,4.217,0.14388,3.9778,0.99223,0.27195,0,0,1.3093,0.14388,1.9707,6.0312,0,0,0,0,12.375
0.1551,0.14218,0.1477,0.12613,0.13587,0.14574,0.12095,0.12343,0.13376,0.097349,0.097726,0.098296,0.089998,0.090187,0.12753,0.12383,0.0856,0.071988,0.10343,0.10184,0.10708,0.097265,0.067151,0.073566,0.064479,0.076187,0.060296,0.086252,44.495,0.071781,0.070671,0.065454,0.044152,0.071415,0.059523,2.4142,0.06652,0.49829,1.3712,0,11.697,0,31.5,28.011,18.808,18.056,28.534,28.626,26.23,0,0,0,5.6415,29.103,0,0,0,0,0.5322,0,0.87764,0,0,0,0,0,0,8.0605,0,4.2692,0,11.622,1.7927,0,0,0,12.583,0.69263,0,4.667,0.84092,13.245,12.525,1.3683,0,0,0,0,0,0,0,4.9756,2.8809,0,0,0.51,0,0,0,0,0,1.7448,0,0.48428,0,5.9872,2.5577,0,0,2.5872,0,0,0,0.77824,0.92227,0,6.2418,0.50578,13.713,0,0.99713,0,0.20047,0,0,0.79743,0,0,0,2.4514,2.1672,1.2271,0,1.8749,2.6158,0,0.85634,0,0,0,1.0747,0,0,0,0,0,0,0,0,0,2.9412,0.86878,1.846,0.83489,2.8424,0.84815,2.1319,0,18.651,1.4283,3.4481,0,0,1.0616,0,0,1.9375,3.5513,3.0258,0,1.4392,0,7.8526,0,0.42916,4.2646,3.2127,12.29,0,0,0,0,1.6326,1.4912,0.42755,0,6.4196,4.4675,0.45414,1.2561,0.91398,1.9108,0,2.3371,0,2.4046,0.18058,9.4987,0,7.7932,0,4.8504,0.19573,3.016,1.3761,0.19779,0,0,1.1743,0.19583,1.4446,4.4506,0,0,0,0,10.168
