0,12.546,149.17,32.843,0.85983,24.284,44.926,3.5678,0,73.428,43.02,14.745,0,95.73,5.6939,8.432,5.8258,2.153,40.917,6.5303,3.9621,17.246,0,4.372,0,0,7.3131,0,0,0,6.3349,0,0.19542,19.819,0,0,0,0,10.366,5.9555,0,0.10881,6.6293,0,2.8461,0,13.795,1.3457,3.3375,0,12.909,0,1.8259,0,6.9805,0,0,0,3.1166,12.036,0.14962,4.7234,0,0,1.8359,0,31.372,4.6398,10.133,4.2943,2.2216,2.7298,1.9728,0,5.0991,6.5389,0,2.734,12.963,2.6972,16.441,0,3.3257,0.44957,1.7974,48.804,3.8706,0,2.4281,1.9592,4.8499,0.033908,4.855,0,12.333,58.109,3.0357,13.595,0,1.4324,8.3583,3.0808,0.69705,0,0,25.037,10.28,0,11.819,3.146,0,4.0754,0.91978,0,68.253,8.461,0,0.32165,0,1.3008,10.422,0.40122,2.6574,0,1.6769,2.0068,8.5873,0,3.8244,0,0,0,0,0,2.9859,4.2056,0,4.8607,6.8241,9.7021,1.7509,0,4.2892,0.47455,0,2.2882,1.5596,10.18,8.4873,17.162,0.82778,0,4.5882,4.578,0,19.051,2.876,0,2.2225,1.2254,1.7914,1.4236,8.1848,25.678,0.73501,4.1996,2.6008,3.3246,11.888,4.1638,25.783,0,0,0,14.18,10.886,2.0964,0,3.5229,3.1512,3.53,2.9437,3.1111,9.1018,17.3,0,2.1615,4.3368,0,11.5,0,5.3642,6.8713,3.216,0,10.919,2.4624,15.24,0,1.5149,0,11.037,2.7156,3.768,1.5719,5.6109,5.1422,11.465,22.536,1.6199,3.7996,1.0081,10.312,13.921,3.6915,5.4126,4.6963,4.775,1.7072,2.837,1.2975,0.2037,0,7.0043,20.045,0,0,4.2983,0,0.71605,2.0384,15.034,0,10.234,10.17,7.8298,9.2071,0,2.808,2.6089,3.4941,7.6362,1.7474,20.169,2.6355,4.725,0.72004,30.846,2.5472,7.419,0.88467,2.2505,10.145,3.1991,4.0742,6.1275,0,0.64138,3.9034,0,0.6774,3.3569,5.6091,9.8436,9.7033,2.3119
12.546,0,7.6875,0.99772,159.39,7.8095,1.3613,95.483,0,0,0,106.89,0,0,5.656,51.663,0,0,0,4.9385,56.43,9.6851,0,1.6734,0,0,83.426,0,0,0,5.8191,0,0.86059,0,0,28.565,0,9.0966,0,11.551,0,0.045506,19.45,0,4.6125,0,5.2847,0.72614,1.9084,0,9.5315,12.731,1.5945,0,10.76,0,0,0,2.3645,5.517,0.17236,10.827,0,0,1.2544,0,0,5.9304,14.112,3.5875,2.6876,7.4082,2.0599,0,29.076,56.218,0,1.8935,9.9259,1.7791,12.633,0,2.8946,0.83301,3.9494,0,1.5254,0,2.5159,1.2547,3.1302,0.18841,2.8521,0,15.88,41.801,3.2605,8.6674,0,1.6875,11.745,2.6289,20.35,0,0,30.403,14.733,0,10.893,2.2683,0,2.2131,1.2638,0,23.397,12.404,0,0.39822,0,1.0133,11.318,0.36597,3.0979,0,5.3865,2.6127,0,0,2.7448,0,0,0,0,0,4.0646,4.9371,0,2.6552,11.105,6.2134,0.71297,0,5.0526,1.6851,0,3.3053,2.5581,10.495,8.7721,9.3683,1.7546,0,4.4665,3.581,0,8.5747,3.3499,0,3.047,0.61165,2.385,1.8437,3.577,10.374,2.442,2.7368,11.41,2.1533,9.8245,3.1147,12.267,0,0,0,5.7768,11.08,1.3849,0,3.3818,2.9502,1.9651,8.8459,2.0079,6.8589,6.2707,0,1.8515,2.3671,0,9.8607,0,3.1879,4.8454,1.9991,0,7.8408,2.9995,15.307,0,1.3451,0,8.0426,1.2987,2.2519,3.4316,4.4255,2.5972,8.3704,18.004,1.6884,4.1885,4.5315,4.8714,10.786,9.4824,9.6448,4.9937,2.2515,0.83122,1.9835,1.9247,0.72539,0,2.0049,10.712,0,0,4.8563,0,0.63285,2.9839,4.6679,0,13.705,8.0471,2.773,4.5243,0,3.1762,3.3735,3.7122,4.6905,1.639,12.167,3.1129,2.2969,0.26934,16.875,1.3439,3.5866,2.2622,1.9551,9.3699,3.4673,2.734,4.4391,0,0.30321,1.7226,0,0.69145,3.2059,3.2671,4.7351,12.932,0.37016
149.17,7.6875,0,61.976,1.0402,27.838,54.965,4.0654,20.976,0,0,11.263,39.176,0,91.129,4.8365,29.982,81.498,21.284,26.959,3.3348,9.3594,44.025,2.2787,0,0,6.7367,90.186,0,84.824,5.2231,25.105,1.0177,0,0,0,0,0,0,13.169,0,0.045119,5.3818,0,81.948,8.2718,7.2297,0.81939,2.3006,0,9.1585,0,0.60746,0,5.098,0,0,0,2.6905,9.7738,0.086174,11.038,0,33.495,0.91202,0,0,2.2076,10.004,3.241,2.2427,7.1966,2.0897,0,4.772,7.314,0,66.071,11.746,1.5873,8.1204,0,1.0303,0.85791,2.6569,0,1.2181,0,2.2184,59.564,4.1108,0.25091,1.2936,0,12.638,65.676,4.2702,10.984,0,0.95414,4.6681,0.92134,0.98779,0,0,56.276,10.659,0,14.64,2.8528,0,2.3765,0.89994,0,49.838,10.806,0,0.40268,0,0.76948,9.1684,0.15198,1.4861,0,8.9194,2.8167,0,25.302,1.1869,0,0,0,0,0,2.8575,4.3145,0,3.0958,9.3399,1.2315,1.7612,0,5.2679,1.9932,0,3.6399,2.8432,10.34,12.411,11.697,1.9609,0,3.4282,3.9959,0,11.524,4.1226,0,2.1192,0.61397,0.83341,0.72148,3.8411,13.787,3.6416,0.74171,10.695,3.742,11.979,2.9981,14.509,0,0,0,8.1651,9.6756,1.5679,0,3.6927,3.0257,1.0515,9.063,1.0515,6.581,8.7512,0,1.3807,2.3051,0,8.8952,0,2.7893,7.105,1.9097,0,7.262,2.7651,12,0,0.98173,0,7.3413,1.1389,2.5595,3.4255,5.8871,2.8108,7.9742,18.223,1.1444,4.2458,4.1484,6.5914,16.625,9.0205,9.7127,3.3443,2.2973,0.90449,2.3665,2.6851,0.84742,0,1.4547,12.791,0,0,4.3185,0,0.43814,3.1786,9.1513,0,11.22,8.6287,3.6059,5.3765,0,2.9905,1.1833,1.984,5.8325,2.1997,14.679,4.6059,1.3322,0.30303,26.447,1.881,6.304,2.0964,5.4897,12.803,4.2533,2.1685,4.0343,0,0.33231,1.3257,0,0.23534,4.4029,2.8074,4.7163,10.823,1.7234
32.843,0.99772,61.976,0,11.152,48.321,1.5315,7.0834,67.485,51.428,30.212,11.683,64.171,18.331,102.57,6.8085,24.808,40.871,0,5.4753,3.167,110.33,0,114.24,0,51.327,5.6244,0,0,0,5.1113,0,0.80868,30.243,0,0,0,0,20.376,4.955,0,0.091093,6.0402,0,5.8148,0,9.296,1.1228,2.6046,0,10.286,0,1.7588,0,9.1735,14.586,0,0,2.3368,13.662,0.12536,18.751,0,0,1.9217,0,0,5.6819,10.342,3.3926,1.8612,4.0764,1.5041,0,3.8638,4.9817,0,2.3675,15.339,0.92547,12.854,0,3.1386,0.89792,4.1162,0,3.1189,0,1.8443,1.8014,3.6485,0.20374,3.8995,0,13.178,58.078,4.3666,10.144,0,1.8757,10.359,2.8521,0.67872,0,0,29.85,11.417,0,8.4909,1.7687,0,2.7061,0.85636,0,38.288,12.304,0,0.31951,0,0.84988,10.298,0.36057,2.65,0,6.5893,2.3892,0,0,2.6546,0,0,0,0,0,3.3805,3.5192,0,3.1857,5.8395,7.9133,1.2574,0,6.6415,2.0029,0,2.923,2.8113,9.0133,3.9079,11.809,1.6622,0,3.4739,3.0373,0,13.602,3.5865,0,2.325,0.97595,1.7215,1.5666,5.5525,20.135,2.703,3.8117,12.418,2.7764,12.075,3.5838,17.399,0,0,0,13.1,13.629,2.1574,0,2.5391,3.3106,2.5964,5.1616,2.9352,5.8404,12.445,0,2.7711,2.28,0,9.43,0,3.9589,6.7685,1.9328,60.708,7.7104,3.0494,14.213,0,0.93259,0,7.3301,3.3358,2.6111,2.16,4.0752,3.4617,7.6986,13.035,1.3463,3.2162,4.6401,12.189,13.29,9.4787,13.044,3.8252,3.984,1.4353,2.3136,2.9078,0.24854,0,4.8503,12.075,0,0,4.1604,0,0.7577,0.8394,13.639,0,11.82,6.7147,5.3899,6.1828,0,2.2762,4.0713,3.2789,6.3965,1.942,11.909,2.19,3.2829,0.47212,21.943,1.7642,7.8659,0.76303,5.0756,7.7317,2.4295,5.0296,3.5591,0,0.24918,4.0118,0,0.71386,3.2571,4.0265,9.771,10.121,2.1522
0.85983,159.39,1.0402,11.152,0,17.868,1.1204,39.326,0,0,0,10.069,11.511,0,4.8516,7.6324,0,0,0,5.7581,2.85,9.5246,0,2.378,0,0,7.9528,0,0,0,6.317,0,0.46655,0,0,26.954,0,0,0,56.147,0,0.044617,58.208,0,1.7549,0,9.7981,0.68249,1.8738,0,8.4486,0,0.58491,0,7.0029,0,0,0,2.1522,9.823,0.072451,3.7534,0,0,0.71315,0,0,4.6655,5.774,3.1534,20.897,5.276,1.4573,0,3.8685,5.5068,0,1.3179,8.8599,1.2899,13.303,0,0.98568,0.87221,3.9015,0,2.4979,0,2.3972,1.1959,3.4159,0.13439,3.1231,0,12.625,47.059,2.5958,9.1264,0,1.8598,9.0666,0.93264,30.879,0,0,41.73,12.871,0,11.107,2.1926,0,2.0806,0.9477,0,24.223,7.2904,0,0.29225,0,0.64155,7.4317,0.36744,1.8887,0,4.6309,2.1161,0,0,2.8744,0,0,0,0,0,2.7058,31.221,0,2.8979,7.0001,4.7953,1.1628,0,4.3751,0.80973,0,2.0822,2.2662,9.3779,9.4157,10.831,1.5483,0,2.3549,3.2236,0,9.9953,2.3178,0,1.7576,0.58056,0.90671,1.0588,3.655,14.47,2.8533,1.2499,7.948,2.2591,10.916,2.5048,13.553,0,0,0,10.945,5.4775,1.3951,0,2.6897,2.0761,1.7088,6.0628,1.0464,5.3283,9.3586,0,1.1263,1.714,0,7.432,0,2.4302,8.2529,1.4285,0,6.1593,2.3953,9.463,0,0.50814,0,5.0797,1.8331,2.0078,2.4884,4.2092,2.3574,6.6292,13.974,0.99449,3.0142,2.256,8.2862,13.541,6.5517,5.337,2.7454,2.2393,0.93119,2.6118,1.5618,0.42353,0,3.831,10.07,0,0,2.7701,0,0.54298,2.5515,9.3584,0,8.8718,6.9379,3.7878,5.3829,0,2.3327,0.92935,4.59,5.74,1.6446,12.525,2.6477,2.2944,0.48543,13.932,1.5082,5.0874,1.5668,3.8816,8.4829,3.227,1.4526,3.1839,0,0.31577,3.9158,0,0.33273,4.2273,2.0854,7.6601,7.2907,2.2105
24.284,7.8095,27.838,48.321,17.868,0,3.9204,22.151,80.661,14.715,109.06,10.056,66.257,22.442,83.175,5.9661,12.145,12.672,0,4.8103,2.7892,12.755,0,71.841,0,65.718,4.7975,0,0,0,4.4593,0,0.676,22.007,0,0,0,0,15.179,4.3229,0,0.081543,5.1984,0,5.108,4.9514,9.8827,0.99525,2.2114,0,8.789,0,1.559,15.453,7.8874,1.4317,0,0,1.8715,12.11,0.11391,16.621,0,0,1.6231,0,0,5.0511,9.0941,2.8763,1.6901,3.7034,1.2956,7.4046,3.2944,4.2498,0,1.7524,12.896,1.7084,11.223,0,2.7821,0.78216,3.6123,0,2.7496,0,3.0413,1.5297,3.0371,0.1674,3.4133,12.945,11.527,51.438,3.6548,8.508,0,1.6301,9.1507,2.5281,0.58724,0,0,27.092,9.8673,0,7.1876,1.8217,0,2.3755,0.74275,0,32.886,10.595,0,0.28991,0,0.99038,8.9285,0.30786,2.3349,0,5.4418,2.1676,0,0,2.2716,0,0,0,0,0,2.9839,3.2795,0,2.6786,6.529,6.9346,1.0713,0,5.8871,1.7754,0,2.4974,1.4728,7.9906,3.7739,10.829,0.88232,0,2.9086,2.6731,0,11.048,3.183,0,1.9351,0.88374,1.5361,1.3866,4.716,18.759,2.2383,3.3653,11.602,2.3792,9.8468,2.7425,15.628,0,0,0,11.236,12.215,1.8389,0,2.3549,2.7932,2.1545,4.6899,2.4827,5.743,10.216,0,2.4798,1.161,0,7.9941,0,3.5036,5.7826,2.3806,46.503,6.503,2.7348,12.131,0,0.78645,0,6.0562,2.922,2.6732,2.1427,3.426,3.152,7.0674,12.82,1.1776,2.7555,26.579,9.2723,11.39,8.402,10.403,3.181,3.3716,1.1171,2.1937,2.5275,0.27712,0,4.0778,14.925,0,0,3.4609,0,0.65946,1.381,11.648,0,9.8588,6.0029,4.6336,5.7231,0,1.9291,3.6088,2.7865,4.6168,1.6017,11.481,1.7633,2.7936,0.40858,18.236,1.4959,7.1885,1.7531,4.3365,6.5648,2.0517,4.2547,3.2879,0,0.42531,3.5304,0,0.61524,2.7676,11.094,8.5061,8.955,1.8202
44.926,1.3613,54.965,1.5315,1.1204,3.9204,0,3.5277,92.862,0,0,24.203,40.299,0,46.23,6.3189,0,0,22.722,65.967,3.6685,8.2746,33.285,2.5669,26.873,0,5.972,35.978,6.3198,56.547,2.894,15.371,0.73987,0,0,0,0,0,0,10.265,0,0.048292,4.537,0,4.2086,0,7.9595,0.62149,2.1709,0,3.6136,0,1.2188,0,15.242,0,0,0,2.0243,9.5226,0.11098,8.3986,0,0,0.66244,0,0,4.9962,8.4298,2.5918,1.8355,5.0685,1.7053,0,2.6179,7.3652,0,2.4028,8.7651,1.1355,12.069,0,1.032,0.88496,23.602,0,1.4986,0,1.8346,1.3273,2.9854,0.18886,1.1592,0,13.234,64.839,3.3267,9.7753,31.28,1.4227,3.3666,1.8951,1.2498,0,0,42.88,10.812,0,11.376,1.8512,0,1.8222,0.78342,0,40.857,10.252,0,0.26113,42.374,0.63019,10.422,0.12971,1.1474,0,7.0322,2.2054,0,0,1.2264,0,0,0,0,0,2.8724,2.9432,0,2.6473,6.178,2.0768,58.788,0,4.9489,1.7571,0,2.3981,2.1636,7.094,9.0586,10.696,1.3313,0,3.4427,2.6778,0,8.861,3.6784,0,1.9142,0.53959,1.2282,0.56933,5.4167,14.92,3.0056,1.3325,6.8467,4.7256,9.0453,2.3357,13.559,0,0,0,4.8668,6.9415,1.1553,0,2.3645,2.0961,0.97092,6.2472,2.472,4.9499,8.6879,0,1.0873,1.4747,0,8.1975,0,2.0999,5.3393,1.2264,0,4.6964,2.4572,7.8139,0,0.87562,0,5.6954,1.1203,1.926,2.471,4.5208,2.1481,6.0056,11.783,0.73925,3.6929,2.95,7.1477,8.3924,6.4296,4.6363,3.444,2.0429,0.86252,1.9533,1.9487,0.53957,0,2.2676,9.9344,0,0,3.8447,0,0.29238,2.1914,5.0215,0,10.364,5.6625,3.5516,4.9703,0,3.3141,2.604,1.5078,4.5962,1.8725,13.148,4.1559,1.1463,0.33842,18.876,1.8857,4.0338,1.3895,4.9321,11.138,3.2397,2.4888,2.6944,0,0.30347,1.4897,0,0.3782,3.2973,1.8018,7.1863,9.3504,1.6146
3.5678,95.483,4.0654,7.0834,39.326,22.151,3.5277,0,0,0,7.3944,8.6257,26.777,0,4.5001,6.7259,0,0,0,5.3224,2.4838,8.6317,0,2.0902,0,0,6.8664,0,0,0,5.8389,0,0.45508,0,0,0,0,0,0,75.328,0,0.039557,25.712,0,1.6212,0,9.1514,0.62051,1.5952,0,7.2222,0,0.52221,0,6.1345,0,0,0,2.0454,9.2661,0.067381,3.5299,0,0,0.68032,0,0,4.3687,6.0389,2.6268,45.769,4.919,1.2804,0,3.3223,4.8838,0,1.154,8.1018,1.2002,12.242,0,2.1224,0.8026,3.6884,0,2.1306,0,2.216,1.0618,3.0076,0.13056,2.8535,0,24.535,57.258,2.3546,8.0743,0,1.582,7.7003,0.83518,1.2551,0,0,48.447,38.966,0,9.734,2.0873,0,1.9026,0.82184,0,21.054,36.4,0,0.27714,0,0.59832,6.7931,0.3153,2.5593,0,4.2036,1.9062,0,0,2.6793,0,0,0,0,0,2.5817,46.022,0,2.5265,6.7929,4.2571,1.0192,0,3.9943,1.1614,0,1.7791,2.0536,8.2879,8.5201,9.5082,1.4669,0,2.0347,3.054,0,9.0923,2.0352,0,1.4815,0.51704,0.82855,6.6197,4.5265,12.685,2.5746,1.1187,7.7555,2.082,9.6914,2.2944,11.948,0,0,0,9.2672,11.897,1.2267,0,2.5409,1.9133,1.4777,5.5914,0.92625,4.8418,8.5292,0,1.0582,1.6726,0,6.5169,0,2.2232,7.6283,1.3927,0,5.3208,1.0875,8.3009,0,0.49233,0,4.3662,1.6373,1.8221,2.2802,3.5902,2.1396,6.041,13.18,0.87866,2.6549,1.9756,7.7642,12.068,6.0474,5.1852,2.3341,1.9831,0.81947,2.3251,1.438,0.41325,0,3.332,9.0996,0,0,2.5244,0,0.50202,2.4856,8.1184,0,7.4679,6.5642,3.3176,4.7532,0,2.0268,0.80537,4.2426,5.1421,1.4469,11.028,2.3543,2.1079,0.42914,12.261,1.335,4.4558,1.4682,3.6096,7.6874,2.8318,1.4965,2.9766,0,0.2791,3.5286,0,0.30209,3.686,2.0342,7.2182,7.2182,1.8079
0,0,20.976,67.485,0,80.661,92.862,0,0,0,0,8.1541,65.187,0,30.95,7.5275,0,0,29.436,105.19,3.1454,7.2158,0,3.8808,0,52.524,4.829,0,0,0,5.1314,0,0.50111,0,0,0,0,0,0,10.63,0,0.035287,2.7078,0,3.533,0.76438,5.5985,0.60042,1.7324,0,7.3264,0,0.47669,0,7.7379,0,0,0,1.9492,3.6834,0.12365,9.0001,0,0,0.73009,0,0,3.3579,8.3085,2.1472,1.8399,5.2892,1.5914,16.875,3.8895,4.1962,0,1.6269,8.1899,1.1791,14.45,0,0.84474,0.65114,11.818,0,2.429,0,1.7425,1.1246,2.9153,0.19238,52.127,6.5716,10.721,56.63,2.5999,7.5653,0,1.5505,6.3981,0.76956,0.962,0,0,49.158,7.575,0,7.4933,2.0256,5.3154,1.7287,0.60958,0,43.878,6.6606,0,0.29849,0,0.61289,8.4905,0.26624,1.3065,0,4.4851,1.9189,0,0,3.1915,0,0,0,0,0,2.6369,3.5608,0,2.4203,7.4949,6.423,0.77992,0,34.284,18.235,0,2.9447,1.9768,7.2211,8.7057,8.2753,1.4002,0,2.6531,2.7854,0,8.3337,19.681,0,0.92098,0.44789,1.5124,0.63104,4.455,10.673,2.5014,2.5631,8.5785,3.075,8.8288,2.19,10.364,0,0,0,3.6327,8.6587,1.0432,0,2.5884,2.065,1.7268,6.1734,1.8037,4.6648,6.7744,0,1.1018,1.8485,0,6.6529,0,2.0612,4.5821,1.5298,0,5.8557,2.4064,11.682,0,0.72081,0,4.8884,2.101,1.7703,2.3826,3.1332,1.9998,5.7338,13.546,1.3257,3.477,3.6964,5.1022,11.949,7.6466,5.7595,2.8199,1.6843,0.66674,1.7996,1.589,0.5665,0,3.5046,8.838,0,0,3.8912,0,0.61119,2.3197,9.8039,0,4.2126,6.0638,2.7922,3.9376,0,1.8661,1.1124,2.736,4.2955,1.4193,10.075,1.3585,2.399,0.23593,17.96,1.9966,3.7502,1.5252,1.4035,7.2206,2.1166,1.5965,2.9837,0,0.23958,3.3907,0,0.18541,2.4571,2.2524,7.6249,8.83,1.2922
73.428,0,0,51.428,0,14.715,0,0,0,0,80.806,5.7024,0,67.491,4.1501,2.7466,0,0,0,2.775,1.1537,100.73,0,2.6895,0,0,3.6549,0,0,0,2.5523,0,0.32791,18.357,0,0,0,0,11.534,5.8115,0,3.7683,3.4244,0,1.7392,0,7.5878,0.8455,1.049,0,4.9383,0,0.64616,0,8.1562,0,0,0,2.0935,4.5038,0.10033,3.4481,0,0,1.6221,0,21.103,2.734,6.497,1.7279,1.0157,2.43,1.2104,0,3.0917,3.3672,16.904,1.2996,11.616,1.547,5.0872,0,1.0515,0.47156,1.5726,26.619,1.0799,0,1.1018,0.56995,3.5214,0.094213,1.3383,0,8.3789,51.722,2.2685,10.309,0,1.1591,4.97,1.0224,0.66378,0,0,33.128,7.1335,0,5.6133,2.1569,0,2.2322,0.53953,0,37.122,5.5569,0,0.26512,0,0.6007,5.4923,0.1891,0.97924,0,3.6721,1.2924,0,0,1.27,0,0,0,0,0,1.8551,2.4954,0,1.7293,5.2004,2.7258,0.89246,0,3.2565,0.92138,0,1.69,1.9744,10.358,6.4171,12.655,1.0834,0,1.3372,1.5358,0,10.895,1.8055,0,1.1244,0.66309,1.3264,0.51424,3.5803,17.696,2.5661,1.3722,5.6626,2.3706,6.717,2.9296,16.702,0,0,0,5.0355,5.6672,1.5599,0,2.1762,1.9749,1.173,5.6392,1.1782,5.403,10.435,0,0.93192,1.216,0,4.4826,0,3.0107,3.8884,2.0154,0,3.8221,1.7984,12.468,0,0.59941,0,3.5524,1.1465,2.9409,1.3284,2.2548,2.4074,7.0817,11.69,0.46774,2.6611,2.3486,6.8323,7.6343,4.7241,7.1237,1.495,1.1841,1.0296,1.6645,1.3329,0.29845,0,2.4395,11.058,0,0,2.1911,0,0.45109,1.303,5.2946,0,5.4442,7.0408,1.3731,5.195,0,1.5514,1.5419,2.025,5.8084,1.194,14.496,2.7144,1.1237,0.51047,10.372,1.3175,5.6958,0.72444,2.5452,5.0281,1.5993,1.3673,2.9011,0,0.31522,2.1787,0,0.35545,2.0511,3.9371,6.2879,6.046,1.0973
43.02,0,0,30.212,0,109.06,0,7.3944,0,80.806,0,8.5702,0,15.119,5.8345,4.5273,0,0,0,4.1313,1.9087,24.348,0,1.1253,0,0,4.8403,0,0,0,3.8106,0,0.5565,19.305,0,0,0,0,11.175,10.757,0,0.053448,5.1102,0,3.0936,0,7.2654,0.41722,1.5555,0,6.9101,0,1.109,68.431,6.01,0,0,0,1.8505,7.7694,0.073062,6.6251,0,0,1.1199,0,0,3.1732,7.1148,2.3704,2.3016,4.8466,0.97512,0,2.6472,3.4135,0,1.7823,8.0878,0.63237,8.0491,0,1.7537,0.70087,2.5351,0,1.7267,0,8.5172,1.1855,2.2901,0.14737,2.1855,0,8.7622,37.407,3.0742,6.8971,0,1.1656,5.7729,1.7158,0.97744,0,0,18.992,9.0591,0,6.7016,1.583,0,2.1798,0.55217,0,22.04,7.6131,0,0.229,0,1.1654,7.8346,0.26603,1.6189,0,5.032,1.3715,0,0,1.804,0,0,0,0,0,2.605,2.787,0,2.3127,9.3961,4.1982,0.81627,0,3.7124,1.4498,0,1.633,2.6414,6.2977,4.5507,7.7398,1.7303,0,1.9168,2.6765,0,10.215,2.5675,0,1.4756,0.6026,0.98888,0.92683,3.5517,16.838,1.7534,2.0835,9.6047,1.6771,8.9754,2.67,10.697,0,0,0,6.6744,9.14,1.0005,0,1.2677,1.8588,1.5375,3.1233,1.7556,5.5721,10.64,0,1.9268,2.2796,0,6.0801,0,2.7751,4.44,1.1903,0,5.0934,1.8968,9.5483,0,0.60096,0,4.5359,1.7669,1.834,2.3726,2.974,2.3229,6.3611,11.625,0.72847,2.0429,3.4048,6.959,10.215,7.0885,10.569,2.1416,2.6749,14.629,2.0579,1.5756,0.44901,0,3.2422,9.1295,0,0,3.0338,0,0.43343,3.1233,7.831,0,7.2392,6.1057,5.9662,4.5029,0,1.557,2.5987,2.6452,5.4345,1.2162,9.7272,2.0083,1.7779,0.36927,11.785,1.1138,7.5096,1.3655,3.5322,5.1598,1.9049,2.5166,2.9953,0,0.17363,3.098,0,0.51561,2.2107,2.4965,5.83,5.83,1.5139
14.745,106.89,11.263,11.683,10.069,10.056,24.203,8.6257,8.1541,5.7024,8.5702,0,3.774,0.67087,3.752,38.704,0,0,0,3.614,16.557,5.9234,0,1.2925,53.206,0,89.095,0,0,0,41.718,0,0.60146,0,0,17.859,6.7124,0,0,7.2273,0,0.032728,4.8932,0,2.9858,0,4.0911,0.44997,14.908,0,45.103,27.628,0.91658,0,9.1032,0,0,0,1.3786,5.855,0.13054,6.76,0,0,0.87276,0,0,3.3216,9.9486,2.5642,1.5467,4.6147,1.4322,0,24.934,44.253,0,1.27,6.2289,1.1015,13.54,0,1.8019,0.52051,3.9815,0,6.9482,0,1.4721,0.82057,2.0111,0.12651,3.3787,0,8.6883,32.483,2.0945,5.4702,0,58.327,6.8765,1.4599,0.8214,0,0,21.261,7.9254,0,5.3769,1.4271,0,1.3637,0.66314,0,17.118,7.0358,0,0.22838,0,0.70578,7.8467,0.28122,2.0234,0,4.1383,1.6196,0,0,2.0706,0,0,0,0,0,2.6742,2.8251,0,2.2333,6.933,4.2945,1.1737,0,3.0161,1.0667,0,1.7244,1.6184,6.5602,5.8767,5.9742,1.0847,0,2.5887,2.0895,0,6.6648,2.145,0,1.8871,0.37051,1.9195,1.0586,6.2136,7.9446,1.6891,1.8369,7.0579,1.4985,6.2504,1.8894,7.638,0,0,0,3.4614,7.447,0.86007,0,1.9696,1.905,1.3701,5.5247,1.3126,4.2165,5.0427,0,1.2883,1.4412,0,5.1422,0,1.9389,5.0295,1.1653,0,6.232,1.706,15.762,0,0.89248,0,4.1606,0.9177,1.4135,2.119,1.4534,1.6143,5.0987,10.222,1.2422,2.7971,2.7772,3.7532,7.6452,5.8021,5.5767,3.3698,1.3751,0.50402,1.2323,1.3547,0.42215,0,2.6438,7.057,0,0,3.0969,0,0.40339,1.8173,3.6396,0,7.4288,4.5245,2.11,2.7974,0,3.0776,1.8254,3.0768,3.0182,1.0405,7.5837,2.2612,2.3689,0.20279,12.218,0.93538,2.8339,1.2819,2.5128,5.8964,1.4623,1.9018,2.5157,0,0.1861,2.009,0,0.40492,1.7546,1.9062,3.6261,8.1887,1.6493
0,0,39.176,64.171,11.511,66.257,40.299,26.777,65.187,0,0,3.774,0,0,26.003,4.5664,15.453,8.079,0,87.67,1.958,7.8748,0,20.413,0,11.364,4.6598,0,0,0,4.2777,0,0.27003,0,0,0,0,0,0,7.7755,0,0.055419,5.0508,0,1.7528,19.618,34.962,0.32105,1.6685,0,7.8504,0,0.98125,0,6.7382,0,0,0,1.2767,8.4816,0.069875,3.3869,0,0,1.0215,0,0,3.458,8.6633,2.4713,2.2686,6.3412,1.1159,13.188,2.6674,3.4422,0,1.4911,4.3448,1.47,9.5024,0,2.0172,0.45652,3.4389,0,1.8906,0,2.102,1.3613,3.2985,0.06849,2.6917,11.58,13.108,42.016,3.5151,6.5097,0,1.2403,6.2136,1.4935,0.66196,0,0,51.406,8.1159,0,6.6519,1.3002,0,1.9854,0.62628,0,49.903,3.6505,0,0.20766,0,0.88595,20.276,0.31496,1.9063,0,4.8276,2.1044,0,0,2.0645,0,0,0,0,0,2.5491,3.5582,0,2.7452,7.8809,5.0057,0.90429,0,2.3666,0.64066,0,1.8173,1.2171,5.819,5.6694,6.5338,0.86414,0,1.9917,2.1999,0,8.1626,2.522,0,1.1276,0.47662,0.95204,0.91376,4.0129,14.665,1.6421,2.5046,6.4562,2.114,10.524,1.702,8.9773,0,0,0,8.2717,5.1031,1.1647,0,2.2241,1.7591,1.7474,2.9541,1.2136,3.9381,7.3916,27.105,1.4969,1.3354,0,7.1805,0,2.5692,5.7429,0.91803,0,6.2791,2.6422,9.7631,0,0.66329,0,4.8289,2.0214,0.97857,2.8282,3.387,2.4921,4.7172,9.0672,0.84452,2.3856,2.265,7.9424,11.039,2.1532,10.995,2.1667,1.7986,0.60141,1.3175,1.7871,0.44197,0,4.0655,10.528,0,0,3.5435,0,0.58168,1.5309,9.0117,0,7.9678,4.0555,3.1083,3.2289,0,1.5369,2.2095,2.587,2.9669,1.1989,8.9877,2.1371,2.1051,0.54024,12.96,1.2795,4.6668,1.6355,4.1295,5.4952,1.8755,3.3346,3.1374,0,0.23128,2.7331,0,0.5912,2.5909,1.8287,8.4749,8.6864,1.6157
95.73,0,0,18.331,0,22.442,0,0,0,67.491,15.119,0.67087,0,0,4.9363,4.0722,0,0,0,3.2047,1.9033,25,0,10.243,0,0,3.5398,0,0,0,2.9684,0,0.501,15.011,0,0,0,0,10.187,7.4027,0,22.06,3.7615,0,3.3736,0,6.2072,0.49465,1.3873,0,5.9425,0,1.1085,0,5.2644,0,0,0,1.7636,8.1415,0.083456,6.9634,0,0,1.0748,0,13.513,3.277,5.791,1.9963,2.085,5.4591,0.85234,0,2.2969,2.9545,5.9632,1.4358,8.025,0.70871,7.1013,1.1381,1.7955,0.53815,2.2131,0,1.7886,0,1.3852,1.0805,2.1509,0.1269,2.1625,0,7.4214,32.028,2.7158,6.6944,0,1.0631,6.0076,1.6811,0.74626,0,0,20.399,6.6446,0,5.0634,1.6381,0,2.0704,0.47656,0,26.042,6.8523,0,0.23453,0,1.2857,5.9239,0.22182,1.4354,0,3.9893,2.4575,0,0,1.4792,0,0,0,19.807,0,1.9128,2.2264,0,1.9547,9.3896,4.2447,0.71508,0,3.8722,1.2185,0,1.6287,2.0691,6.1813,5.6172,7.2775,1.5535,0,1.8598,2.3844,0,9.8661,1.9389,16.208,1.25,0.73997,1.0411,0.86619,3.1385,17.357,1.6712,2.0063,9.1043,1.501,6.8137,3.1527,8.6608,0,0,0,6.8785,7.2409,0.95434,0,1.0893,2.2122,1.342,3.5125,1.6067,6.2372,9.1033,0,2.029,2.3542,0,5.1869,0,3.1916,4.0161,1.4007,0,4.4477,1.6119,8.1686,0,0.52521,0,3.9169,1.7987,1.7454,2.6712,2.5562,2.4705,8.008,10.647,0.76055,1.7824,2.5869,6.2772,7.5602,5.7853,8.6781,2.0441,2.8834,1.0388,1.4802,1.6546,0.39429,0,2.867,8.7026,0,0,2.3941,0,0.39087,2.5102,6.936,0,6.1427,5.7303,4.4884,3.9645,23.998,1.3434,2.4208,1.9254,4.6238,1.6245,9.3018,1.6853,1.8088,0.34752,11.838,0.98413,6.2961,0.74108,2.9559,4.3969,1.433,2.5505,2.9368,0,0.20515,2.6246,0,0.42985,1.9023,2.595,5.1467,5.2205,1.2586
5.6939,5.656,91.129,102.57,4.8516,83.175,46.23,4.5001,30.95,4.1501,5.8345,3.752,26.003,4.9363,0,5.4391,47.864,17.487,27.46,53.729,1.9749,6.6987,0,59.87,0,43.318,4.8332,0,0,0,4.9794,0,0.36806,0,0,0,0,0,0,6.4697,0,0.052189,3.8366,0,8.0046,42.736,7.3357,0.27777,1.1916,0,5.33,0,0.87053,0,4.3672,4.622,0,0,1.4214,9.7367,0.061933,37.803,0,0,1.0788,0,0,1.7117,8.6763,1.7536,1.7513,6.0083,0.97292,0,2.5117,4.1737,0,0.99894,3.8729,1.2957,11.183,0,1.4992,0.51469,3.826,0,1.5434,0,1.686,1.1592,2.48,0.07744,2.8525,0,10.997,36.291,1.1368,6.5214,0,0.77374,4.9051,1.3252,0.65477,0,0,45.323,7.9285,0,7.8161,1.2736,0,1.0432,0.65084,0,39.727,3.1154,0,0.21561,0,0.86144,7.7652,0.22012,2.1201,0,5.4023,1.9527,0,0,2.7796,0,0,0,0,0,1.0495,3.2535,0,2.248,7.7985,4.2484,0.87895,0,2.0552,1.0901,0,1.8567,1.3437,4.7783,6.4467,6.3609,0.98525,0,1.6562,2.3798,0,8.6183,1.1922,0,1.0663,0.41182,0.7224,0.8578,4.5176,14.388,1.7108,2.1005,7.4339,1.1819,22.45,1.3925,8.4482,0,0,0,5.6873,5.969,0.59845,0,2.2773,1.456,1.2463,6.8604,1.7338,3.2221,7.6279,0,1.4492,1.5381,0,4.7926,0,2.186,4.9063,1.0546,0,4.4552,2.6407,8.9879,0,0.89314,0,3.4625,1.7642,1.0129,2.6001,2.6649,2.3939,3.8596,8.7491,0.77874,1.9923,2.9667,7.4026,11.909,2.2534,3.2129,1.7746,1.5313,0.53446,1.1696,1.4679,0.4969,0,2.9921,9.3089,0,0,28.945,0,0.66337,1.7535,6.6621,0,5.3587,3.8416,3.0098,3.0133,0,1.6554,1.8402,2.809,2.7767,1.1288,8.3312,2.2083,2.4109,0.3885,10.956,1.2653,4.8971,1.6463,11.115,7.0947,2.1589,3.1056,2.9945,0,0.20621,2.7014,0,0.39359,2.8364,2.1029,8.1479,7.0119,1.1395
8.432,51.663,4.8365,6.8085,7.6324,5.9661,6.3189,6.7259,7.5275,2.7466,4.5273,38.704,4.5664,4.0722,5.4391,0,2.3896,3.1263,2.123,4.1582,17.388,7.1027,0,1.6681,0,0,42.521,0,0,0,3.6728,0,0.39432,0,0,0,39.562,0,0,6.35,0,0.043053,4.573,0,2.5553,0,5.2348,0.39653,0.79494,0,7.9638,2.8887,1.0235,0,8.7504,0,0,0,1.0541,4.4801,0.13658,5.1452,0,0,0.56058,0,0,4.0392,6.3016,5.5205,1.4774,3.3109,1.026,0,4.0368,42.296,0,1.4098,5.4949,0.80318,7.9825,0,1.7548,0.42939,2.2113,0,2.0835,0,1.504,0.69117,1.7336,0.10119,2.1066,0,11.498,30.126,2.2637,6.2514,0,1.4462,7.5794,1.6104,0.98636,0,0,21.189,9.7892,0,7.0008,1.0657,0,1.229,0.58166,0,26.153,6.8184,0,0.15145,0,0.59081,5.0806,0.30328,2.0326,0,2.8187,1.6597,0,0,2.182,0,0,0,0,0,1.6763,1.8779,0,1.7889,4.5626,3.9769,0.76953,0,3.5929,0.96315,0,1.3039,1.4498,4.3312,4.9703,6.5252,0.83883,0,2.2854,1.5909,0,6.0387,2.1667,0,2.0864,0.41022,1.9157,0.98498,2.1207,9.6131,1.6272,1.919,4.5527,0.94169,5.2771,1.4784,8.5949,0,0,0,4.0261,3.9294,0.71661,0,1.4183,1.2874,1.1169,3.9873,1.4674,3.2923,5.6835,0,0.99098,0.97215,0,2.6087,0,1.6186,4.2569,0.78364,0,3.6094,1.9111,16.305,0,0.51689,0,4.983,1.1444,1.2595,1.7152,3.4483,1.5575,3.9886,7.2693,0.70233,1.334,1.73,4.4768,4.6917,3.7028,3.2229,3.4171,1.5662,0.57819,1.2712,1.2158,0.30976,0,2.12,7.6262,0,0,1.7933,0,0.3743,1.3895,5.3003,0,9.1631,3.3929,2.4345,3.1105,0,2.5857,2.2019,3.5795,2.9973,1.1662,8.4575,1.8539,1.5474,0.27241,11.73,0.73982,3.403,0.88326,2.8401,5.3538,1.9627,1.2696,1.7817,0,0.20984,2.1307,0,0.49966,1.2409,1.2196,4.8899,4.8899,1.9321
5.8258,0,29.982,24.808,0,12.145,0,0,0,0,0,0,15.453,0,47.864,2.3896,0,92.247,3.598,13.75,1.0614,6.3294,0,31.811,0,82.677,3.3788,0,0,0,3.0175,0,14.159,0,0,0,0,0,0,6.2388,0,0.060665,2.6635,0,11.568,0,4.5381,0.68038,0.69888,0,3.1973,0,0.43498,0,6.3326,0.51629,0,0,0.73579,6.4058,0.091347,8.6493,0,0,1.5798,0,0,2.5295,5.9376,1.2721,1.4368,4.1792,1.3758,0,3.2101,3.0658,0,3.2859,8.7659,1.0261,5.707,0,0.7449,0.56911,1.7998,0,0.82092,0,1.4579,1.0969,2.5802,2.6961,1.2988,0,7.4647,32.77,2.7214,6.9279,0,1.1043,4.5769,0.69625,0.77555,0,0,32.091,6.3831,0,5.2963,1.4662,0,1.6074,0.51442,0,31.551,4.969,0,0.28706,0,1.2847,6.0055,0.1448,1.0824,0,4.0902,1.8482,0,0,1.4943,24.756,0,0,0,0,1.7818,2.0787,0,1.8853,10.914,1.953,0.79926,0,3.3613,0.99926,0,2.1499,1.8212,6.7464,3.077,6.5394,1.4333,0,1.0165,1.3462,0,7.4964,2.0618,0,1.0758,0.39315,1.0832,1.1207,3.6593,14.451,1.8181,0.93249,11.522,2.4883,8.0844,2.7474,5.5072,0,0,0,3.348,8.3697,0.98609,0,1.4651,2.7281,0.76968,5.2799,0.76968,5.7857,7.7087,0,2.1154,2.1122,0,4.2893,0,1.7513,3.6726,1.5038,0,3.9032,1.6864,11.505,0,0.64343,0,3.294,0.799,1.641,2.2814,2.007,1.8069,7.109,11.483,0.39186,2.9003,2.4476,6.4796,7.8821,4.6297,6.8183,1.1365,1.2416,0.53204,1.1555,1.7259,0.27835,0,1.7905,7.6381,0,0,2.7339,0,0.27131,2.3166,3.9227,0,5.4289,4.5567,2.9926,3.062,0,1.3746,1.9786,1.8822,2.784,1.3921,8.9243,2.7022,1.0631,0.2195,10.287,1.6288,5.2927,1.1056,1.8401,4.8101,1.484,1.6465,2.2159,0,0.15015,1.3144,0,0.25025,1.8828,2.6148,6.2057,7.393,0.83716
2.153,0,81.498,40.871,0,12.672,0,0,0,0,0,0,8.079,0,17.487,3.1263,92.247,0,7.9867,18.755,1.9022,7.0139,0,25.422,0,64.457,4.4639,0,0,0,4.5363,0,13.799,0,7.6008,0,0,0,0,3.4313,0,0.052155,3.5123,0,31.93,0,7.0736,0.29531,1.0994,0,4.842,0,0.78049,0,4.4203,0,0,0,1.3431,9.4839,0.062018,3.3627,0,0,1.0965,0,0,2.5014,8.5578,1.6209,1.3957,20.723,0.91689,0,2.3577,4.0596,0,6.1632,4.0173,1.4408,10.515,0,1.3737,0.46241,3.5856,0,1.4375,0,1.7499,1.1054,2.5898,9.0734,2.6269,0,8.5562,22.753,2.8203,7.2109,0,0.78011,4.5251,1.2009,0.60301,0,0,21.538,8.7389,0,7.1555,1.3323,0,0.92547,0.61311,0,38.135,4.9252,0,0.24154,0,0.88581,6.7275,0.19772,2.0004,0,5.4911,2.2319,0,0,2.6011,13.517,0,0,0,0,2.1411,2.891,0,2.0688,7.9799,3.8371,0.81708,0,1.557,0.93363,0,1.9845,1.1796,6.9292,6.5277,6.5452,0.84531,0,1.5749,2.1698,0,8.0485,2.5657,0,1.0036,0.44023,0.71659,0.92877,4.2767,14.067,1.8367,1.8733,6.3439,1.1141,10.551,2.5837,8.8421,0,0,0,5.2167,10.89,1.013,0,2.2689,1.6224,1.1556,7.7003,1.614,3.595,7.7562,0,1.4809,1.312,0,4.3546,0,2.3908,4.4271,0.90042,0,4.0445,2.1604,8.3508,0,0.87025,0,3.2594,1.7805,0.93331,3.0316,2.4347,2.5175,4.3063,8.8861,0.72052,1.8758,2.33,6.2673,10.737,2.2798,3.2506,1.6933,1.6204,0.54011,1.1583,1.7087,0.46386,0,2.7419,10.473,0,0,2.9965,0,0.64597,1.4998,5.9344,0,4.9858,3.8482,2.9446,3.03,0,1.6043,1.6356,2.5431,2.7387,1.1811,9.3509,2.055,2.3058,0.39582,10.166,1.1551,5.3362,1.7815,3.2861,6.5629,1.9697,2.7867,3.0875,0,0.21767,2.5023,0,0.35423,2.5549,1.797,6.3063,6.135,1.0442
40.917,0,21.284,0,0,0,22.722,0,29.436,0,0,0,0,0,27.46,2.123,3.598,7.9867,0,11.444,2.0648,5.3452,0,1.3813,0,0,4.8184,3.8029,0,12.039,3.2267,0,0.68611,0,0,0,0,0,0,7.3092,0,0.029441,3.153,0,3.3844,0,4.3849,0.45007,1.2915,0,5.6548,0,0.4047,0,4.4487,0,0,12.027,1.3962,6.2243,0.062183,6.465,0,0,0.67738,0,0,1.5866,5.6922,1.7444,1.2886,4.1776,0.89638,0,2.6344,4.4426,0,1.713,6.3767,0.93868,6.9347,0,0.73566,0.50267,3.7046,0,1.5748,0,1.2539,1.0633,2.272,0.14519,1.5393,0,7.3819,35.614,2.4423,5.7776,0,0.7841,3.3326,0.6577,0.61783,0,0,34.211,6.2827,0,8.9267,1.4228,0,1.2998,0.63747,0,28.213,4.2532,0,0.24,0,0.55739,8.2158,0.21527,1.0932,0,4.9225,1.5417,0,0,15.074,0,0,0,0,0,2.4523,2.4723,0,2.2639,6.7142,1.9503,1.0901,0,2.9274,1.1241,0,1.9202,1.5587,5.9441,6.6096,6.1579,1.0568,0,1.8379,1.9951,0,6.3109,2.3018,0,1.1225,0.33481,0.71596,0.60271,12.689,8.3719,1.9176,3.4951,7.193,2.4748,7.4137,1.6106,7.6274,0,0,0,5.3402,6.8804,0.8432,0,1.9445,1.7304,1.5275,5.1384,17.363,3.6977,5.314,0,1.0096,1.3897,0,5.252,0,1.6182,4.5961,1.0862,0,6.7513,1.5097,8.6967,0,0.74838,0,3.8053,1.8194,1.381,1.9201,3.0009,1.5317,4.4583,9.8405,0.90992,3.3237,2.4441,3.996,11.291,5.4749,5.2166,1.8576,1.2591,0.48053,1.2588,1.548,0.42925,0,1.4729,6.8898,18.482,0,3.2841,0,0.32846,1.7169,7.0733,0,5.8898,4.2686,2.1965,2.8144,0,1.7475,1.5415,2.7308,3.0827,1.1407,7.6472,3.4707,1.2499,0.19206,14.137,10.71,3.8415,1.2541,3.1767,8.1889,2.4994,1.3328,2.4113,0,0.17631,2.5937,0,0.205,2.7611,1.7533,3.8212,7.3704,1.05
6.5303,4.9385,26.959,5.4753,5.7581,4.8103,65.967,5.3224,105.19,2.775,4.1313,3.614,87.67,3.2047,53.729,4.1582,13.75,18.755,11.444,0,3.8673,7.4139,0,2.151,0,8.3707,3.9838,0,0,0,4.3099,0,0.5046,0,0,0,0,0,0,5.8497,0,0.046426,3.3558,0,4.0126,36.428,6.3996,0.35739,1.3999,0,5.9592,0,0.86782,0,6.1558,0,0,0,1.0853,7.7986,0.084656,8.5086,0,0,0.89102,0,0,1.3775,7.1006,1.7214,1.9641,5.5058,0.64652,0,2.1217,4.7928,0,1.4732,4.7601,1.1812,12.361,0,1.5492,0.5656,14.544,0,1.9572,0,1.845,0.54758,1.5067,0.11166,44.589,16.583,11.018,35.757,1.2882,6.4541,0,1.0864,2.6678,1.3323,0.67055,0,0,43.921,8.3587,0,6.9103,1.0934,8.5104,0.86419,0.84439,0,44.537,5.3775,0,0.17951,0,0.75763,6.0444,0.21993,1.1105,0,2.0079,2.1565,0,0,2.696,0,0,0,0,0,0.91772,2.2598,0,1.9559,6.3632,5.2599,1.1787,0,4.2414,1.081,0,1.6738,1.0729,5.2676,4.9122,6.1386,0.71409,0,2.116,1.7053,0,6.5735,2.4789,0,1.1955,0.45921,0.93716,0.72149,6,11.348,1.5076,1.051,5.0933,2.5492,3.4798,1.6787,8.4979,0,0,0,6.2534,4.1953,0.81213,0,1.7551,1.5347,1.3757,6.7124,1.6636,3.6228,6.3874,37.917,1.2814,1.0566,0,5.2124,0,2.038,4.3146,0.74122,0,4.6892,2.0483,6.3038,0,0.6603,0,3.5495,1.4889,0.94295,2.5533,2.5099,2.0759,4.4147,7.7849,1.1093,1.3288,3.0083,5.6016,10.326,4.5249,4.0449,2.2452,1.6927,0.55745,1.042,1.0928,0.35607,0,2.8125,9.4059,0,0,1.1717,0,0.64231,1.2488,8.0211,0,6.0926,3.4222,2.6092,2.8646,0,2.0355,1.7431,2.3102,2.5249,1.2805,8.9653,2.3061,1.6675,0.34657,11.856,0.87021,4.0099,1.3246,3.0753,7.8272,1.9587,2.6659,2.5392,0,0.22301,3.4707,0,0.37783,2.3516,1.4366,8.7602,7.8253,1.0967
3.9621,56.43,3.3348,3.167,2.85,2.7892,3.6685,2.4838,3.1454,1.1537,1.9087,16.557,1.958,1.9033,1.9749,17.388,1.0614,1.9022,2.0648,3.8673,0,5.786,0,1.5775,0,0,15.438,0,0,0,3.8662,0,0.43128,0,0,0,40.305,0,0,6.9446,0,0.039068,4.7367,0,2.188,0,4.8903,0.37745,1.409,0,6.8115,5.6899,0.83024,0,9.1563,0,0,0,1.1668,5.48,0.13265,4.5279,0,0,0.51885,0,0,3.603,6.3305,31.022,1.2301,2.9811,1.0009,0,4.5971,4.9819,0,1.3307,5.245,0.71988,8.0735,0,1.4439,0.56713,2.2838,0,1.7925,0,1.2375,0.65927,1.6589,0.10808,1.9843,0,9.4294,27.981,1.8561,5.9052,0,1.3958,7.6433,1.301,0.92954,0,0,17.252,7.8346,0,5.9636,1.1717,0,1.1717,0.53294,0,23.137,7.2866,0,0.15782,0,0.50033,5.4599,0.27395,2.0851,0,3.6858,1.3646,0,0,2.0899,0,0,0,0,0,1.743,1.9361,0,1.9541,4.7694,3.3407,1.1904,0,2.9618,1.0067,0,1.2647,1.3909,4.1314,4.9894,6.1786,0.92335,0,1.0718,1.7449,0,5.7692,2.1214,0,1.8827,0.37244,1.1115,1.0565,3.691,9.1045,1.5376,1.5804,5.2413,0.87965,5.0081,1.4086,8.114,0,0,0,3.278,4.1075,0.68582,0,1.5305,1.2303,1.3104,3.5663,1.273,3.1497,5.4287,0,0.85977,1.1283,0,2.727,0,1.3873,3.878,0.93685,0,3.5374,1.543,15.167,0,0.51579,0,4.1166,0.90244,1.2059,1.4804,2.2934,1.3904,3.8083,7.6565,0.71231,1.6397,1.6371,4.2173,4.4285,3.8754,3.5606,5.0207,1.4357,0.54287,1.1824,1.0231,0.3442,0,2.735,6.35,0,0,1.7814,0,0.32591,1.5573,4.1365,0,6.4541,3.756,2.3226,2.9224,0,2.2224,1.7622,3.5032,2.823,1.1023,8.0024,1.7737,1.432,0.25991,9.4789,0.63652,3.2411,0.85937,2.6605,5.2145,1.8294,1.157,1.7351,0,0.19778,1.8331,0,0.43808,1.4286,1.381,4.602,4.7018,1.8855
17.246,9.6851,9.3594,110.33,9.5246,12.755,8.2746,8.6317,7.2158,100.73,24.348,5.9234,7.8748,25,6.6987,7.1027,6.3294,7.0139,5.3452,7.4139,5.786,0,5.1557,2.9821,3.4015,0.37055,3.6433,0,0,0,3.3166,0,0.53648,54.421,0,0,0,0,51.131,7.8638,0,7.9501,3.0132,0,2.15,0,5.0937,0.24809,0.87696,0,3.7871,0,0.63215,0,3.9657,0,0,0,1.9468,4.8016,0.058589,4.9605,0,0,0.74543,0,0,2.0352,6.6085,1.3916,1.4662,3.8734,0.71496,0,1.9828,3.2234,23.227,1.0609,5.5985,0.60418,7.6183,0,1.0668,0.38939,2.3802,0,1.1574,0,1.7794,0.63069,1.2838,0.12596,1.9285,0,7.312,21.756,1.7115,3.3999,0,0.85656,3.708,0.98404,0.57103,0,0,20.311,7.1669,0,5.2412,1.179,0,1.6681,0.495,0,15.769,4.1564,0,0.1649,0,0.51411,4.7111,0.15644,1.5304,0,3.8564,1.3875,0,0,1.5732,0,0,0,0,0,1.7331,2.4592,0,1.4502,6.4564,2.5971,0.62558,0,2.3234,0.7362,0,1.1873,1.6116,3.5132,5.7929,6.4645,1.6011,0,1.2998,3.0325,0,8.1731,1.9185,0,0.85237,0.52671,0.67816,0.79272,3.2248,14.744,1.2679,1.1911,9.1252,1.065,6.044,1.7756,8.8949,0,0,0,4.4105,7.8901,0.53792,0,2.1026,1.4656,0.87042,2.95,0.9388,5.1078,9.2546,0,1.5386,1.5586,0,3.4356,0,1.0879,3.7368,0.64997,0,2.9802,1.7653,5.542,0,0.54821,0,2.6621,1.049,1.4728,1.7551,1.9768,1.7911,5.9463,9.8957,0.54709,1.4859,1.8863,5.3791,7.7136,3.5603,5.3016,1.4491,2.266,0.80803,1.8231,0.93088,0.31456,0,1.9053,6.8698,0,0,1.8324,0,0.33733,3.0839,4.2956,0,4.1021,6.5736,3.8389,3.7269,0,1.3875,1.4148,1.9783,5.0753,0.91479,4.9186,1.4805,1.5294,0.26555,7.6074,0.81596,4.3616,1.2787,2.0125,4.6396,1.4707,1.996,2.9157,0,0.11556,1.6895,0,0.28147,1.944,1.2088,4.2779,4.1268,0.8881
0,0,44.025,0,0,0,33.285,0,0,0,0,0,0,0,0,0,0,0,0,0,0,5.1557,0,1.4881,32.834,0,4.5996,26.97,55.19,42.093,3.1728,28.827,0.35939,0,0,0,0,0,0,5.0932,0,0.038075,3.24,0,2.5685,0,4.4478,0.35824,1.4774,0,7.5491,0,0.89551,0,6.9818,0,0,0,1.0041,5.1018,16.526,4.8937,0,21.629,0.54927,0,0,3.18,4.9144,1.6391,1.3384,3.1447,0.87524,0,2.8144,3.4832,0,1.3549,5.0295,0.75601,7.5336,0,1.5541,0.52219,2.0898,0,1.7171,0,1.3372,0.66344,1.645,0.088,2.244,0,8.4736,25.045,2.245,5.7111,0,1.2686,5.6445,1.3799,0.75258,0,0,21.378,7.6083,0,8.2049,0.9124,0,1.0829,0.47382,0,22.14,5.1092,0,0.13567,0,0.59197,4.5039,0.24401,1.6299,0,3.3015,1.5412,0,0,2.1634,0,0,0,0,0,1.382,1.5286,0,1.7613,4.282,4.2964,1.2218,0,3.0486,0.79654,0,1.5887,1.2885,3.9659,4.2978,5.8235,0.72331,0,1.3282,1.3647,0,5.3907,1.8193,0,1.6927,0.35405,1.1263,0.75227,3.917,8.4688,1.4333,2.0066,4.074,0.92015,4.9121,1.6647,7.5747,0,0,0,4.689,3.6878,0.66244,0,1.2659,1.1858,1.8905,3.8574,1.4646,2.9734,5.127,0,0.98769,0.86566,0,4.8001,0,1.5348,2.864,0.68383,0,4.1244,1.6301,9.4903,0,0.54739,0,5.3091,1.5746,1.1467,1.6632,17.809,1.4801,3.5761,6.4522,0.70326,1.1719,1.5641,3.9033,5.0119,3.0912,2.9491,1.4849,1.335,0.48942,1.0476,1.2309,0.27337,0,3.1479,7.094,0,0,1.6888,0,0.20757,1.2051,5.5447,0,8.9115,2.9092,2.1571,2.6731,0,1.6255,1.7275,2.3795,2.563,1.0895,7.642,2.0517,1.6051,0.25315,6.8333,0.73876,2.3207,0.81429,2.6937,6.4489,1.9941,1.6322,1.6282,0,0.18215,1.2008,0,0.38202,1.8468,1.1017,4.3985,4.3985,1.2826
4.372,1.6734,2.2787,114.24,2.378,71.841,2.5669,2.0902,3.8808,2.6895,1.1253,1.2925,20.413,10.243,59.87,1.6681,31.811,25.422,1.3813,2.151,1.5775,2.9821,1.4881,0,0.69361,28.505,2.9931,0,0,0,2.8617,0,0.53878,0,15.987,0,0,0,0,5.9779,0,0.063552,1.6843,0,2.3109,0,6.126,13.359,0.85802,0,3.1192,0,0.55579,0,5.0915,32.774,0,0,0.95063,4.8404,0.10182,6.8293,0,0,1.023,0,0,3.3541,3.657,1.0906,1.9296,4.8602,0.84076,0,2.2878,2.7102,0,0.61948,7.4638,0.49509,6.7507,0,1.0926,0.43633,2.2217,0,1.2471,0,0.88127,0.8575,2.1086,0.1469,1.8604,0,6.9091,32.334,2.0946,5.2351,0,1.2497,5.8474,0.92433,0.55595,0,0,40.482,3.4966,0,3.2905,1.3547,0,2.0935,0.44948,0,42.955,5.7065,0,0.23029,0,0.89604,5.0964,0.10381,1.3718,0,3.4723,1.0335,0,0,1.4194,1.5468,0,0,10.764,0,1.7347,1.5645,0,1.4942,7.8326,2.9296,0.67092,0,4.2769,0.511,0,1.9568,2.237,5.561,3.9755,6.1522,1.553,0,1.3281,1.2492,0,9.2244,1.9148,0,1.143,0.30333,1.2786,0.75282,2.959,18.039,1.5573,1.23,9.5605,1.5226,6.1947,2.2426,8.3644,0,0,0,4.0748,7.5171,0.84157,0,1.0777,1.6249,0.85512,2.3588,0.85512,4.3317,10.741,0,1.4685,2.0284,0,4.2391,0,1.0317,3.2735,1.3089,10.296,3.4874,1.0858,8.3594,0,0.4206,0,3.5829,1.1298,2.1853,1.0644,1.3011,1.717,5.4934,8.5584,0.5646,1.7279,1.0444,2.7007,6.8655,4.817,7.0917,1.4573,1.3528,0.50241,1.5484,1.5153,0.24147,0,1.4394,7.5947,0,0,2.0171,0,0.40357,2.4321,4.2845,0,5.4078,3.7285,4.0665,2.9698,0,1.2165,1.2477,1.6856,2.6143,1.419,7.4378,1.6602,1.5064,0.3303,11.197,1.0057,6.6915,0.59433,1.3192,3.72,0.9626,2.3564,1.2227,0,0.19734,1.8719,0,0.1959,1.1152,2.1553,5.3422,6.3178,0.67298
0,0,0,0,0,0,26.873,0,0,0,0,53.206,0,0,0,0,0,0,0,0,0,3.4015,32.834,0.69361,0,0,2.5786,0,22.443,31.392,23.776,26.821,0.38001,0,0,0,0,0,0,4.6725,11.116,0.038182,3.2769,0,3.0097,0,4.6855,0.32066,38.395,42.372,39.497,0,0.87735,0,7.6736,0,0,0,0.8897,5.9845,0.14237,6.2402,0,0,0.7088,0,0,2.6508,6.1619,1.8197,1.4657,3.8009,5.7922,0,2.8674,4.6548,0,1.0136,4.2793,0.86848,10.089,0,1.7498,0.41839,2.5525,0,2.2554,0,1.3909,0.49227,1.3534,0.081407,2.9878,0,7.4726,29.471,2.1638,4.9846,0,5.4725,5.0644,1.4058,0.63052,0,48.374,25.471,7.2798,0,20.296,0.86335,0,0.80478,0.69396,0,23.088,4.7474,0,0.1357,0,0.61388,4.6263,0.22187,1.4651,0,2.7724,1.5316,0,0,1.6599,0,0,12.292,0,0,1.4656,1.8821,0,1.4936,5.5613,4.4514,0.98521,0,2.853,0.71748,0,1.663,1.0041,3.9437,3.7893,4.9901,0.67861,0,2.6042,1.4551,0,5.4623,1.5317,0,1.2603,0.35676,1.7969,0.69733,4.0751,8.5641,1.1523,1.8496,4.9032,1.4213,3.1795,1.321,6.8754,0,0,0,5.28,5.2975,0.65286,0,1.5192,1.1728,1.0912,4.4618,1.2666,2.9466,5.0935,0,1.0465,1.0162,0,14.841,0,1.5681,1.9668,0.70871,0,3.7471,1.6829,9.9774,0,0.6691,0,5.2542,1.4927,0.86629,1.775,2.9068,1.5945,3.5576,6.4089,0.81426,1.1231,2.1179,3.9952,7.0997,3.2017,3.9051,1.8938,1.3469,0.46139,0.85072,1.3037,0.29965,0,2.2128,7.0357,0,0,1.7177,0,0.30332,1.1908,6.2083,0,4.0386,2.8308,2.1512,2.319,0,2.2875,1.7554,2.1647,2.1171,0.97124,7.1655,1.8642,2.0173,0.25084,11.945,1.0713,3.059,0.98653,2.1973,6.6117,2.308,1.6711,1.9384,0,0.18291,1.8657,0,0.33089,2.2368,1.385,4.6149,4.6149,1.1632
0,0,0,51.327,0,65.718,0,0,52.524,0,0,0,11.364,0,43.318,0,82.677,64.457,0,8.3707,0,0.37055,0,28.505,0,0,3.0781,0,0,0,3.228,0,11.244,0,0,0,0,0,0,3.2086,0,0.030969,2.8811,0,1.8825,21.669,6.3306,0.56895,1.0791,0,4.3533,0,0.86971,0,2.9192,1.0301,0,0,1.1543,7.0317,0.074949,19.794,0,0,0.89626,0,0,2.3663,7.0426,1.4008,1.03,5.5426,0.55491,14.199,1.8115,3.5234,0,0.56928,7.2884,1.2589,9.2499,0,1.5212,0.43338,2.9403,0,1.6064,0,1.5422,0.75981,2.0638,2.264,2.7177,39.238,10.563,15.487,1.9652,6.0661,0,0.93222,4.1447,1.3332,0.55613,0,0,28.611,6.4313,0,5.048,1.3098,0,1.3503,0.67347,0,21.189,4.6628,0,0.26001,0,0.72962,5.3045,0.16077,1.9154,0,3.5395,1.8955,0,0,1.7377,21.752,0,0,0,0,1.8332,2.6382,0,1.4238,6.8667,3.6661,0.87106,0,3.3929,1.0435,0,2.0182,1.5101,5.7604,5.4383,5.5602,1.1352,0,1.682,1.8601,0,4.4768,2.1721,0,0.86634,0.3813,0.8974,1.1069,4.0312,5.829,1.5737,1.6384,8.5762,0.79278,6.2616,2.227,7.3597,0,0,0,5.3538,8.8937,0.84679,0,1.9381,2.2259,1.0229,6.7038,1.2278,4.6599,3.6999,0,1.2598,1.5409,0,3.633,0,2.0304,3.3053,1.3551,0,3.1098,2.2021,4.989,0,0.66497,0,2.7279,1.4577,1.3851,2.5768,1.7827,1.5265,5.7291,10.357,0.78288,1.1454,18.519,5.8437,7.442,2.8976,6.0004,1.819,1.2186,0.46624,0.62703,1.3222,0.39254,0,2.0274,6.9039,0,0,2.0282,0,0.57754,1.7837,5.5553,0,4.2745,4.1168,1.5977,2.5952,0,1.5147,1.7742,1.8005,2.3958,1.1098,7.8789,1.6251,2.1068,0.34329,8.2412,0.74299,2.1459,1.4794,2.3846,5.384,1.4386,19.514,2.5688,0,0.17378,2.7715,0,0.31631,1.7885,1.8076,7.0337,4.2396,0.88122
