0,42.587,149.8,80.21,16.98,202,73.345,1.7575,53.392,150.13,11.864,2.8274,71.013,16.355,2.1428,0.58819,1.9492,0,1.7895,160.77,27.246,29.906,56.883,0,1.1929,33.646,1.0355,0,13.472,38.392,9.3745,0,2.5063,1.0781,0.35663,0,0,0,32.4,72.499,0,33.761,21.492,6.4383,1.5254,11.333,2.5281,48.489,31.254,3.3477,4.6529,0.14004,1.3458,35.984,13.675,44.69,57.196,0,1.3809,11.88,0.57618,2.1945,7.6404,10.252,5.4092,7.2341,1.0418,0.29659,0,0.8954,22.119,18.774,0,5.3819,0.39835,3.5497,3.0677,3.3618,0.84455,9.6224,4.6044,0,36.255,3.1833,1.1914,3.0836,1.8135,3.585,2.4426,10.52,1.1287,2.6993,3.1682,29.509,11.371,15.108,16.486,12.696,1.7574,56.473,1.204,0.82587,0.80432,3.3849,7.5653,0.87367,2.2752,9.9341,8.138,29.252,1.7931,12.05,2.0583,13.729,16.39,0,15.972,3.5255,13.488,2.0618,3.3672,22.63,4.792,6.5676,0,4.3583,3.8762,9.1567,19.967,2.1285,2.9444,3.4419,7.4687,11.304,31.624,0,0.79432,13.529,2.9322,17.932,4.1164,5.4835,10.291,3.5967,0.89789,19.26,0,13.861,16.716,4.1895,11.519,10.777,16.589,3.8477,1.9748,32.741,1.2525,0,4.1261,12.449,3.3301,1.7307,1.533,13.663,4.376,2.2345,4.0103,0.9931,4.3467,4.3301,15.376,25.359,0,9.5666,0.99735,2.0033,1.2985,1.3187,0,0.88234,9.949,1.7917,0.58353,12.273,18.913,1.1894,36.715,15.196,16.249,0,4.751,2.6642,1.0687,3.1039,4.7892,12.281,10.285,2.9801,8.1256,5.6873,4.9142,1.384,5.056,2.0286,3.2079,8.266,0,3.4475,2.8832,9.4087,9.2579,0,0,2.9699,4.9194,43.446,8.209,13.049
42.587,0,0.31802,0.14894,63.513,16.19,0,67.487,1.9199,0.45568,34.792,51.148,3.6943,2.2522,0.70104,0.76012,67.295,0,67.736,6.1843,0.928,6.5319,0,0,1.0869,1.2901,1.7967,0,76.392,0.68733,5.7162,0,0.79942,1.5252,0.4319,0,0,40.844,0.29785,2.1999,0,43.548,23.239,4.9215,1.0406,8.1984,23.982,2.0893,17.17,1.8445,2.2835,0.068276,1.5359,38.402,6.3918,1.023,1.4026,0,2.1521,67.568,0.38179,1.0988,3.9091,2.0119,1.6299,3.0234,2.7473,0.15147,0,1.607,7.7728,14.193,0,5.4846,1.0368,2.6812,0.95389,26.974,0.45449,8.5845,2.3548,0,70.804,3.4235,1.5448,2.4384,10.602,1.9231,0.72057,11.235,2.4384,2.1066,2.388,18.967,5.3534,8.4671,11.254,7.779,0.95835,21.93,0.45022,1.8842,2.1373,2.6408,4.0306,1.3819,1.664,5.1093,10.415,2.4214,2.29,4.9664,1.8202,3.6968,8.9658,0,8.9346,3.0748,6.7575,3.1168,1.1218,14.975,3.5234,4.9809,0,3.1836,2.27,7.7945,9.0256,3.877,1.7755,3.7673,4.7791,7.0527,27.844,0,0.48931,5.6358,2.7966,12.007,2.5014,3.3723,6.3107,2.0924,1.0808,14.088,0,6.9393,11.925,1.2924,11.811,8.1182,10.898,3.3249,0.94985,27.149,2.3264,0,2.0489,10.338,2.81,1.2724,2.8061,7.6558,2.5041,1.637,2.9096,2.5166,2.7694,1.0506,7.1809,14.145,0,26.875,0.91828,3.6714,3.3432,2.6633,0,2.6456,9.1506,3.7207,2.781,9.6451,9.9086,2.5026,24.574,7.8931,4.2125,0,2.2949,3.5565,0.65476,1.9538,2.0023,6.5711,5.0177,1.2511,4.6514,2.4664,2.4606,2.2163,3.0166,2.4428,7.2836,3.8192,0,2.5867,1.5106,5.4677,4.9611,0,0,0.82386,3.6041,23.182,3.6812,5.8709
149.8,0.31802,0,25.077,9.8933,75.995,23.886,1.0253,44.188,37.753,3.5052,0.44196,1.6016,2.5081,0.79115,0.65058,1.1245,0,1.0172,1.359,1.589,8.9547,111.8,97.425,56.919,17.833,0.66981,0,4.182,19.358,15.585,0,0.81763,0.81763,0.19697,0,0,0,0.27231,43.105,0,47.282,23.248,2.0602,1.0899,4.505,0.81772,1.6879,12.386,1.8558,3.1918,0.055771,1.995,45.948,43.499,1.3161,30.109,0,2.3801,4.0537,0.34738,0.8702,4.9628,0.88198,1.798,3.3692,1.2597,0.18459,0,0.93682,6.4949,11.969,0,5.7005,1.3494,5.3296,0.93396,1.5769,0.49123,9.4565,1.2273,0,43.394,2.3528,2.0853,1.0535,2.2193,1.8737,0.67012,4.4848,1.8868,2.741,1.1297,13.79,5.7946,13.062,7.0907,6.0184,0.97802,42.676,0.38201,1.0317,1.1495,1.8495,4.3134,0.65791,2.1977,4.3888,6.052,2.1719,2.2252,6.9878,0.65022,3.9446,11.635,0,8.139,2.3943,12.487,2.5924,1.2085,6.3635,2.1435,2.2289,0,1.8253,1.2636,6.1051,6.8481,1.925,1.8889,4.903,3.5292,12.426,17.901,0,0.47945,5.377,2.4919,13.878,2.5058,4.093,4.8466,1.6738,1.6145,30.317,0,8.8234,17.209,1.2735,8.2145,5.5813,10.329,1.8617,0.84147,29.014,2.8682,0,1.3827,6.3403,3.8787,2.8536,3.2092,6.9739,2.4177,6.6823,1.4696,3.3763,2.3243,1.3632,10.55,15.968,0,5.1912,1.1273,2.1101,1.4004,3.371,0,3.3442,8.5241,2.3552,4.0238,10.161,9.2231,1.462,12.764,6.5022,4.659,14.893,6.4846,3.3235,0.51764,2.4671,1.3936,6.6176,3.0871,3.6451,5.885,2.0479,2.3803,2.4508,1.5977,1.2735,5.4708,5.7928,0,3.505,1.4456,5.9915,5.8074,0,0,1.3745,6.9408,24.262,5.7676,9.8466
80.21,0.14894,25.077,0,8.6734,44.295,41.641,0.90768,1.5052,19.968,7.0075,1.0136,3.1682,70.719,1.4419,0.31837,1.0176,6.6968,0.90803,1.1401,0.64455,7.2081,0,0,1.3451,4.3777,1.4036,21.484,6.1925,1.0771,2.9989,0,1.4356,1.6903,0.37704,14.096,59.47,0,0.29179,23.549,20.645,29.616,34.039,3.3046,0.70391,7.1523,1.4147,1.4222,14.399,1.486,2.5766,0.045473,2.2138,26.455,8.6799,1.2899,14.488,0,2.0059,7.556,0.38352,1.4304,5.4432,1.6325,3.1916,3.9329,2.5561,0.072136,0,1.8535,9.3218,9.1338,0,6.1059,1.3247,5.9942,1.6077,1.8647,0.59651,3.5218,29.025,0,22.938,3.397,13.559,1.7374,1.4641,1.2989,1.1372,5.9628,1.7301,1.9142,1.8602,16.773,5.2208,6.8487,8.3694,5.2138,1.2458,29.548,0.51447,2.1549,2.4517,1.6493,5.2977,1.1898,2.3499,4.3295,15.557,1.7988,1.3455,3.6947,1.1288,6.302,4.6894,0,4.5303,1.8212,24.959,1.8021,2.0467,9.1606,2.624,3.5042,0,2.004,2.2485,4.4588,5.0688,3.4912,2.4206,4.4737,4.0457,12.24,16.2,0,0.61261,8.9298,2.9566,8.6573,1.9998,2.6517,4.1691,1.587,13.034,22.635,0,7.4366,12.059,2.1644,6.4625,7.866,7.8579,2.2117,0.55766,24.625,3.0433,0,1.2729,7.4868,2.4978,3.4253,1.3041,7.4521,1.2667,2.9408,2.3628,3.0713,2.578,1.839,7.7871,8.6034,0,6.2121,0.80867,1.1761,2.6308,3.8214,0,3.576,4.7468,3.9129,3.254,8.1545,13.207,2.7195,17.796,7.6436,9.2502,0,1.9879,2.1813,0.67117,2.6639,3.2506,8.7065,4.1554,2.3247,2.3843,2.5107,2.1155,3.0261,2.7635,2.3393,2.9962,3.7169,0,4.4639,1.7111,3.1383,2.104,0,0,1.6664,6.837,18.497,4.7562,7.9873
16.98,63.513,9.8933,8.6734,0,13.717,1.5094,41.806,1.581,0.82674,80.441,0.97496,121.13,1.7257,55.812,84.304,0.64414,0,9.3183,0.61836,1.4025,5.5236,0,0,1.0921,1.1688,1.4456,0,51.35,1.1805,5.2128,0,45.641,1.4844,0.47073,0,0,0,0.1199,1.1485,0,19.869,20.489,4.8285,0.98205,8.776,51.665,0.78909,10.366,1.9878,2.024,0.066575,1.5167,16.703,5.8965,0.52689,0.75611,0,1.7484,7.8813,0.15745,1.0696,2.1887,2.0869,6.2407,7.0294,2.5485,0.12687,0,1.5054,12.342,11.661,0,2.6201,0.86082,3.8756,2.3626,1.9422,0.26395,4.0925,1.9816,0,57.436,1.9138,1.3447,2.3019,16.941,1.8751,1.4464,6.7942,1.9649,1.9181,2.3962,16.841,5.0462,10.915,12.11,8.5735,0.85139,37.721,0.82067,1.5563,1.8001,1.1216,3.6261,1.4047,1.7889,7.2899,9.1973,1.0905,24.815,5.5253,1.4013,9.9124,7.5319,0,5.7617,3.0159,8.0629,2.794,2.2299,14.808,3.2932,4.8552,0,13.256,2.4731,2.6665,8.5496,2.8192,0.98267,3.7752,4.2266,6.3497,21.416,0,0.2348,5.0051,2.6653,16.591,2.6086,2.3143,6.9999,1.9104,0.89282,15.144,0,4.785,11.2,3.2172,9.0118,6.938,23.78,3.0096,0.94243,23.676,2.1149,0,1.8631,8.1689,2.5719,1.8634,2.4956,4.963,1.2936,2.0233,2.9894,2.341,1.3159,3.4367,4.3738,12.421,0,7.6652,0.7655,2.9576,2.732,2.3316,0,2.2771,5.4755,3.5398,2.5068,8.0993,10.018,2.2721,27.688,2.0502,8.895,0,1.8104,13.929,0.59605,2.8024,1.7421,6.1615,4.3827,2.1183,5.1243,2.981,3.5906,1.9405,3.486,1.2616,6.7214,2.5474,0,2.3339,1.1602,3.8764,4.1268,0,0,46.957,3.3172,19.586,2.2119,3.9874
202,16.19,75.995,44.295,13.717,0,46.021,8.6843,9.3558,79.868,7.0829,48.457,3.3317,45.171,1.048,0.53788,1.1061,28.568,0.96295,1.3344,2.2175,6.3982,41.49,0,1.2982,69.177,1.7498,0,8.8931,21.247,5.9805,0,1.3457,1.8117,0.38997,0,0,0,0.24341,32.351,0,18.102,70.677,3.8514,0.738,5.379,1.4343,1.59,11.927,1.9192,3.5516,0.084617,2.3609,18.803,8.9225,17.368,19.698,0,24.785,6.3849,0.31506,1.314,5.3079,1.7139,2.4999,3.4185,3.2812,0.2065,0,1.9591,14.392,9.8547,0,7.0562,1.1703,6.5348,1.6655,1.7136,0.62624,5.4681,2.5318,0,34.386,43.586,0.74133,1.6848,0.98505,1.8222,1.3471,4.8791,2.4798,2.2511,1.6962,13.114,7.1838,11.075,6.5474,7.6429,0.98063,23.529,0.72601,2.0777,2.436,1.8549,4.2771,1.4068,2.5716,5.8638,15.88,2.187,0.9506,7.1932,1.4206,7.7991,6.2648,0,7.0031,1.6958,7.526,1.1154,1.6098,13.503,2.1101,3.6291,0,1.8862,1.8306,4.6688,12.743,11.923,2.3158,4.7382,3.1987,10.119,21.182,0,0.61498,3.6945,2.7717,8.8483,2.1666,2.3095,6.1221,2.2105,1.0652,22.123,0,3.2338,14.211,1.9915,6.9888,10.768,7.5959,1.8215,1.1371,28.487,3.3845,0,2.4222,8.7844,3.168,1.9164,2.3115,4.2345,1.146,3.1778,1.8973,3.2425,2.0237,2.6302,5.8402,17.444,0,4.8552,0.7261,1.8064,2.9378,1.2404,0,3.4156,5.226,3.0281,3.2348,8.9865,10.817,2.0775,24.32,6.6638,6.1732,0,2.4614,1.2589,0.38627,3.4978,1.6861,4.2567,5.0478,1.1828,3.8275,3.2152,2.5441,3.1984,2.262,1.8344,4.0028,2.4084,0,3.5718,1.2348,5.8092,6.3935,0,0,1.2795,4.3655,31.278,3.2778,6.5424
73.345,0,23.886,41.641,1.5094,46.021,0,0.85352,1.4137,22.729,6.2005,0.90535,2.841,68.462,1.2578,0.31951,0.95644,0,0.85301,1.0652,0.63655,6.3119,0,0,1.3576,5.3187,1.2704,29.602,5.9156,0.91059,3.2575,35.966,1.2575,1.5094,0.32922,11.411,36.359,0,0.25323,21.295,31.136,27.727,33.212,2.9904,0.66048,6.4946,1.2464,1.4787,13.542,1.3937,2.4805,6.6736,1.9547,24.76,7.9563,1.2318,20.589,0,1.8628,6.5196,0.33201,0.64819,5.1292,1.4472,2.753,3.6983,2.346,0.09449,0,1.6247,9.1011,8.5178,0.28207,6.0941,1.1557,5.3053,1.4262,1.8088,0.66445,3.4202,15.864,0,22.017,3.4021,2.0546,1.524,1.3698,1.8464,1.0267,5.4904,1.6208,1.7761,1.62,15.471,4.9052,7.4175,7.7701,5.0096,0.52966,27.325,0.49609,1.8603,2.131,1.5447,4.659,1.0869,2.2719,4.3763,15.579,1.6743,1.2607,4.0856,1.0237,5.7722,4.3558,0,4.9588,1.6148,19.774,1.6862,1.7611,8.8763,2.4238,3.1196,0,1.9923,1.9562,4.1638,4.4972,3.3095,2.4343,4.5721,3.7497,11.729,15.075,0,0.61885,4.0399,2.56,8.1146,1.8726,3.3413,3.9864,1.5983,1.4651,20.22,0,7.0384,11.357,1.9107,6.002,7.8149,7.3606,1.6036,0.50647,24.477,2.7059,0,1.4905,7.6163,2.4358,3.2935,1.3468,6.5584,1.1109,2.8959,2.0536,2.7392,2.2212,1.7839,4.9563,10.422,0,5.3265,0.74787,1.1757,2.3234,3.357,0,3.1284,5.0861,3.5914,2.8751,7.7193,16.176,2.353,16.707,7.118,8.1875,0,1.8071,2.0425,0.60662,2.5698,3.071,8.3435,2.8437,2.0277,2.4879,2.5317,2.1354,2.6697,2.4119,2.0203,2.7831,2.2583,0,4.0508,1.7677,3.3549,1.8746,0,0,1.5354,5.4545,20.391,4.3718,7.709
1.7575,67.487,1.0253,0.90768,41.806,8.6843,0.85352,0,1.4382,0.75803,80.574,0.89783,85.292,1.5947,42.005,97.13,0.60118,0,13.858,0.56956,1.2852,5.0318,0,0,0.99654,1.0522,1.352,0,56.666,1.0773,4.7118,0,78.352,1.3364,0.41011,0,0,5.8571,0.11821,1.1525,0,17.703,18.811,4.7468,0.91604,37.029,71.855,0.74814,9.1089,1.734,1.8935,0.058717,1.3425,16.724,5.3404,0.51364,0.72478,0,1.6686,7.2492,0.15602,0.95281,2.1162,1.8427,3.4064,4.8597,2.2368,0.12323,0,1.3604,11.588,10.573,0,2.6266,0.78262,3.6279,2.0993,1.7571,0.26677,4.15,1.888,0,51.703,1.9115,1.2347,2.2496,36.294,1.6946,1.5234,6.4276,1.7894,1.6932,2.3459,15.122,13.038,9.4841,11.476,8.5057,0.76822,33.005,3.8665,1.4423,1.6548,1.0329,3.2712,1.225,1.6356,6.908,8.3971,0.99084,5.2605,4.8209,1.275,9.315,6.8754,0,5.3021,2.842,5.6378,2.7153,2.1118,12.867,3.2192,4.7398,0,6.1175,2.2069,2.9662,7.5869,2.5767,0.88212,3.2813,3.7348,5.8099,19.043,0,0.22124,4.5961,2.3763,16.176,2.2909,2.1052,7.2875,1.8369,0.81902,13.868,0,4.8865,10.056,2.8091,8.5867,6.2641,24.574,2.8925,0.82444,21.181,1.9214,0,1.7097,7.5247,2.2637,1.6482,2.2213,6.0088,1.3506,1.85,2.8998,2.1046,1.2558,3.2567,4.2639,11.169,0,6.693,0.69703,2.9247,2.4751,2.1336,0,2.0902,5.5276,2.406,2.2509,7.8347,8.7523,2.0379,27.59,2.2285,8.5271,0,1.6544,13.663,0.53775,2.5227,1.6046,5.5633,4.0675,1.9147,4.4313,2.8185,3.1765,1.7645,3.0655,1.2922,6.3043,2.2896,0,2.146,1.0687,3.4033,3.9647,0,0,44.497,3.0427,18.957,2.1563,4.0435
53.392,1.9199,44.188,1.5052,1.581,9.3558,1.4137,1.4382,0,32.04,8.0946,0.43687,91.813,2.0201,41.223,0.63621,1.1334,0,1.0438,35.558,1.4168,11.71,0,103.76,40.249,13.861,0.63377,0,9.9577,14.266,5.4864,0,1.7401,0.82995,14.342,0,0,0,0.26545,2.096,0,15.804,24.056,4.9065,35.231,6.3538,1.751,1.7623,21.679,81.581,2.8578,0.066897,1.8204,15.172,7.8216,1.0734,1.4837,0,2.3442,6.9692,0.32858,1.1361,4.4206,11.019,3.3051,3.8692,1.1626,0.18446,0,0.97819,11.112,11.112,0,5.1601,1.3195,3.1398,2.3194,1.6362,0.53097,9.3234,2.7794,0,42.191,1.928,1.5633,2.1464,0.88481,1.6254,1.7967,2.3605,1.4107,2.6995,2.1496,14.447,8.4904,12.123,7.5668,9.04,0.83717,35.929,0.86773,1.0832,1.1972,1.8978,3.8305,1.0569,1.1663,3.1922,5.7404,2.2674,0.80906,5.6251,1.6307,10.204,12.022,0,7.5519,1.987,6.6252,1.1208,2.0475,15.115,2.5001,4.8244,0,2.0856,2.7832,5.394,9.5925,1.6253,1.5735,4.4201,4.1534,5.6428,24.972,0,0.39486,6.7944,2.436,10.304,3.3813,3.9662,7.246,2.0835,1.0416,10.001,0,7.4181,16.136,3.1114,5.7388,4.5487,10.117,2.7183,0.89121,26.685,3.1134,0,2.3255,6.6866,3.719,1.0909,2.5463,7.7554,1.2046,1.2493,2.7123,3.3994,2.3683,2.8676,7.3287,14.835,0,5.2111,0.91171,1.9579,1.8578,3.0267,0,3.2565,6.1898,2.1863,3.8455,11.23,8.9935,0.88659,29.593,7.1936,11.805,0,2.8541,1.353,0.53526,2.2124,2.6136,5.5048,5.6915,3.383,5.573,3.9218,3.2881,2.9188,3.7139,1.2596,3.7469,3.8669,0,2.5359,1.2682,5.4039,5.529,0,0,1.3827,2.5406,29.484,3.8477,6.3502
150.13,0.45568,37.753,19.968,0.82674,79.868,22.729,0.75803,32.04,0,3.0949,0.39235,1.4225,1.5351,0.68479,0.56618,0.96273,0,0.86874,1.1611,1.4238,12.336,75.629,60.739,36.119,41.078,0.60196,0,3.839,13.849,4.9427,0,0.71987,0.71987,0.17128,0,0,0,0.23258,67.81,0,39.72,20.192,1.8513,0.90752,3.9026,0.72445,1.4363,10.426,1.5527,2.6907,0.048629,1.6787,38.669,13.734,1.2097,58.341,0,0.90788,3.5267,0.29749,0.75981,4.3043,0.78249,1.5614,2.8314,1.1393,0.15607,0,0.81667,6.0021,10.047,0,4.9797,0.534,4.6597,0.82973,1.3416,0.42262,8.1887,1.1003,0,37.322,2.1726,1.832,0.93199,1.8635,1.6384,0.60219,3.8855,1.6251,2.3818,0.99465,11.661,4.91,11.697,5.9585,5.0639,0.85914,38.173,0.35137,0.89736,1.0031,1.5739,3.5785,0.59315,3.0982,3.7197,6.2859,1.8319,1.8451,5.8799,0.58697,3.5715,10.97,0,7.0959,1.9986,10.952,2.1638,1.0537,5.8689,1.8589,1.9898,0,1.531,1.1066,5.0919,5.9787,1.7754,1.6717,4.4442,2.932,11.128,15.215,0,0.44203,4.9429,2.2545,11.398,2.0639,3.766,4.0688,1.4112,1.4264,27.15,0,8.1229,14.062,1.1298,7.187,5.1737,8.5531,1.5686,0.7337,27.918,2.8611,0,1.2196,5.8716,3.3723,2.4111,2.8187,3.995,2.0217,3.5885,1.2939,3.1066,1.9603,1.2573,9.0102,13.934,0,4.3883,1.0063,1.8226,1.2452,2.9038,0,3.1121,6.9861,2.0381,7.5377,10.336,8.0429,1.2702,11.649,5.4514,4.2737,28.936,1.0781,2.7605,0.47502,2.181,1.2754,5.9072,2.7299,3.2643,4.9679,1.8982,1.9662,2.3687,1.4066,1.1018,4.554,4.8492,0,3.0753,1.2618,5.3098,4.8537,0,0,1.1592,5.9954,21.6,5.0263,24.68
11.864,34.792,3.5052,7.0075,80.441,7.0829,6.2005,80.574,8.0946,3.0949,0,67.341,2.0234,3.3818,1.8364,0.3705,1.3265,0,10.143,22.048,7.3653,5.4373,0,0,0.93571,1.0725,13.139,0,84.204,0.59097,4.601,0,1.4139,1.2385,0.35305,0,0,0,0.2522,1.8192,0,35.007,19.538,3.836,0.84078,6.6008,27.138,1.7905,13.868,1.4851,1.8674,0.056154,1.2492,30.263,5.2201,0.84295,1.1516,0,1.805,34.348,0.32242,0.89766,3.2094,1.5911,1.3986,2.5928,2.2676,0.12479,0,1.2964,6.6921,11.699,0,4.5464,0.85288,2.3005,0.81994,1.249,0.374,7.1922,1.935,0,54.907,2.8577,1.2705,1.8614,1.1667,1.5854,0.61976,7.0379,2.1447,1.758,1.8259,15.068,8.0733,6.8296,9.1347,6.0758,0.76086,18.88,0.38758,1.5738,1.7654,2.072,3.1904,1.1093,1.4326,6.5452,8.5197,2.0009,1.1538,4.0182,36.896,7.6736,7.3539,0,7.1238,2.3788,5.5063,1.3256,2.0463,11.993,1.6256,3.7812,0,2.5405,1.0318,5.6522,7.3535,3.2315,1.4747,3.073,3.8141,5.7353,24.362,0,0.40504,4.5927,2.3252,9.5329,1.9793,2.7229,4.8988,1.7954,0.88542,12.129,0,5.5961,9.5985,1.1108,10.184,6.7174,8.678,2.5803,0.77565,21.501,1.8778,0,1.6624,24.817,2.3267,1.0946,2.3161,6.056,2.0283,1.409,2.2157,2.0275,2.7091,2.1255,5.8285,11.172,0,6.617,0.76469,1.3568,2.7948,2.1713,0,2.1557,6.2718,3.0698,2.2512,7.8982,8.0888,2.0022,19.099,8.8209,4.1927,0,1.8714,1.7137,0.54195,1.6822,1.632,5.4224,4.0796,1.0751,3.709,2.1234,1.9322,1.7887,1.342,2.0348,6.0361,3.0993,0,2.118,1.2392,4.4903,3.9133,0,0,1.0419,2.9178,18.927,2.9812,4.7497
2.8274,51.148,0.44196,1.0136,0.97496,48.457,0.90535,0.89783,0.43687,0.39235,67.341,0,3.0009,2.2081,1.1361,0.35134,1.0819,68.831,0.98516,61.524,57.02,3.6045,0,0,0.88602,1.3079,21.178,0,7.6889,0.58272,5.3857,0,1.3047,1.3167,0.2121,0,0,0,0.26066,2.1966,0,33.507,20.956,3.3247,0.72421,6.1474,1.423,26.089,14.493,1.5542,2.1276,0.062172,1.3521,24.464,6.0044,1.0459,1.381,0,39.916,37.605,0.33168,0.97093,3.7539,1.5838,2.782,4.2743,2.5979,0.14278,0,0.7696,13.01,11.377,0,6.0268,1.0566,2.4032,1.4613,2.1684,0.42826,49.92,2.313,0,22.899,3.2562,1.5568,1.5958,1.2348,1.6257,1.2485,6.6962,14.901,29.156,1.6232,17.258,6.1391,7.4125,8.9729,6.4428,0.87922,41.737,0.60314,10.675,0.94747,1.7545,3.7105,0.59956,1.3548,6.0549,9.7993,2.1226,1.2213,4.4657,30.698,7.3874,8.9058,0,8.4363,1.8647,6.1201,1.3994,1.7884,6.1682,2.8081,3.3029,0,2.3365,1.8172,5.1915,9.7037,4.3116,10.08,3.3619,2.5575,4.5486,21.723,0,0.57342,5.4895,2.8482,8.8438,1.993,3.0766,5.1984,2.2402,1.0416,11.482,0,6.2886,10.697,1.9662,19.261,5.3898,8.1215,2.3782,0.84325,26.346,2.1495,0,1.8392,10.047,3.323,1.0635,2.6213,7.4416,2.567,1.3449,2.009,2.2984,2.4151,2.4751,6.6035,13.606,0,6.3855,0.98702,1.2874,1.2252,2.77,0,2.7608,5.8555,1.88,2.6708,9.0946,8.518,1.187,17.755,9.0615,8.6448,0,2.1913,1.8124,0.61712,2.5622,1.7892,6.0759,4.7919,2.6452,4.674,3.1115,2.5534,2.0281,2.3591,1.0169,2.7517,3.4371,24.59,2.3468,1.3115,6.381,4.6367,0,0,1.7798,3.0258,21.481,3.4168,5.4801
71.013,3.6943,1.6016,3.1682,121.13,3.3317,2.841,85.292,91.813,1.4225,2.0234,3.0009,0,1.8777,26.127,27.185,1.2445,0,2.7909,21.089,0.83539,5.8437,0,0,0.87069,1.09,1.346,0,7.4597,0.57487,4.928,0,31.622,1.4722,14.118,0,0,0,0.23452,1.8714,0,44.574,18.804,4.1266,78.975,7.9839,1.4529,1.606,23.849,29.653,1.9991,0.05497,1.3686,41.143,5.4817,0.80418,1.1329,0,1.7311,6.2291,0.2905,0.90918,3.2179,6.4997,7.0919,10.175,2.2898,0.13127,0,1.5694,10.38,11.91,0,4.5868,0.89387,2.3818,0.80451,0.82099,0.38351,6.9008,1.9665,0,22.529,2.7392,1.2137,1.9413,1.2249,1.5429,0.5963,3.5597,1.6203,1.9486,2.021,13.64,4.278,7.9342,10.735,6.7859,0.77557,17.566,0.78981,1.4793,1.7562,2.2205,3.2972,1.4105,1.3314,4.5404,6.5821,2.0245,11.214,4.2662,0.58588,9.5748,7.9999,0,6.9055,2.1415,5.4537,1.388,2.1707,6.0623,1.7054,4.0657,0,2.7387,1.0427,2.6757,7.3132,2.9296,1.373,3.1852,3.8685,5.7715,16.544,0,0.3851,4.5636,2.1836,12.424,6.3352,3.0474,3.5652,1.0744,0.84581,11.285,0,6.0997,10.773,1.0926,7.6058,6.4132,12.402,2.3594,0.75416,22.413,2.0448,0,1.7199,6.1194,2.7451,1.0478,2.5917,6.0751,2.1552,1.3229,2.5008,2.2186,2.4773,2.0306,5.8331,11.341,0,4.8,0.93032,1.2656,2.4401,2.1475,0,2.1945,5.8533,3.0085,2.4065,8.5966,7.8972,2.5551,24.861,7.8261,8.8897,0,1.9637,1.7978,0.5013,1.7733,2.0198,5.0647,4.0987,1.0639,4.7078,1.875,2.5318,1.9647,1.3402,2.0368,2.4028,3.0823,0,2.0634,1.1712,4.2622,4.0115,0,0,1.8062,2.9597,20.421,2.9982,4.8254
16.355,2.2522,2.5081,70.719,1.7257,45.171,68.462,1.5947,2.0201,1.5351,3.3818,2.2081,1.8777,0,2.2083,0.27867,0.89125,53.751,0.7969,1.0355,0.56954,6.8523,0,0,1.1578,2.1593,1.3349,11.098,5.4574,1.0139,2.4723,0,1.3113,1.5127,0.34398,53.758,16.484,0,0.19949,1.8799,5.926,26.214,30.52,2.9633,0.61732,6.1811,1.291,1.2761,12.114,1.3062,2.0921,0.099004,1.963,23.284,4.1647,17.528,1.5843,0,1.9811,7.0404,0.25672,1.5675,47.47,1.491,2.9118,3.281,2.3686,0.1325,0,1.6785,8.1659,8.1147,0,5.5924,1.2611,5.1986,1.4491,1.575,0.49307,3.1411,19.027,0,20.586,3.1112,12.969,1.5749,1.2731,1.7378,1.0253,5.2623,1.562,1.8593,1.6894,14.775,4.5354,5.6296,7.1436,4.5334,0.81255,27.209,0.44347,2.0938,2.3613,1.4271,3.1077,1.0617,2.1432,3.661,13.909,1.6054,1.1634,2.8495,1.028,5.6269,4.2778,24.504,46.233,1.6325,4.465,1.5613,1.8487,7.97,2.2534,3.1437,0,1.6531,2.0376,3.8899,11.947,3.39,2.1725,3.7041,3.4792,4.2081,14.249,0,0.54124,3.2651,2.8352,7.4549,1.733,2.2061,3.6303,1.3485,0.41309,23.362,0,6.2772,10.329,1.9492,5.7362,7.0199,6.7738,1.8826,1.3082,19.502,2.6708,0,2.6724,6.3454,2.5728,2.1606,1.1209,6.4653,1.1839,2.4196,2.1393,2.7114,2.361,1.5881,8.4419,11.751,44.349,5.6055,0.74533,1.0318,2.4341,3.7503,0,3.4311,3.9182,3.4813,2.9937,6.8906,9.1939,2.4892,15.468,6.3249,8.0138,0,2.2718,1.8776,0.64645,2.5661,3.1619,5.935,3.8994,2.055,2.0349,2.1065,1.7685,2.6452,2.4966,2.1831,2.7332,4.0422,0,1.4108,1.9124,2.6297,5.0086,0,0,1.4311,3.6328,15.267,3.9111,5.6967
2.1428,0.70104,0.79115,1.4419,55.812,1.048,1.2578,42.005,41.223,0.68479,1.8364,1.1361,26.127,2.2083,0,16.538,1.2344,0,1.19,1.3108,0.58276,5.0948,0,0,1.0249,1.1755,1.1519,0,6.4356,0.76543,4.1568,0,1.68,1.579,33.21,0,0,0,0.21482,1.5615,0,33.532,12.027,3.8464,78.46,7.9093,1.3548,1.5201,11.874,18.347,1.8173,0.06965,1.6203,31.849,5.8623,0.79464,1.1565,0,1.3776,5.6013,0.26595,1.104,2.9578,0.95382,1.6655,1.7615,2.6489,0.10004,0,1.5368,9.3329,13.769,0,3.7685,0.78615,2.0649,10.509,0.84599,0.304,5.3622,1.6671,0,50.713,1.8122,1.424,1.8551,1.4364,1.6719,0.83269,4.2886,1.7771,1.5227,2.0235,12.208,3.6196,7.1078,14.37,5.948,0.75366,23.641,0.67273,1.3356,1.6483,2.0672,3.0734,1.5758,1.6081,4.029,8.2202,2.086,1.8841,4.2023,0.84059,9.4491,6.7335,0,6.63,1.93,5.3366,1.6292,2.044,9.2525,1.1169,3.9376,0,6.7458,6.2832,2.4654,8.7649,3.3499,1.293,4.0632,3.9938,5.6158,14.953,0,0.36081,5.9473,2.3223,10.973,5.1434,2.2942,2.9989,1.2625,1.0617,13.367,0,5.9501,11.481,1.0961,8.2913,6.5112,10.83,2.0759,0.92546,19.253,2.0553,0,1.7542,5.8022,2.0465,1.4447,2.9681,5.1105,2.1943,1.7932,2.5925,2.3622,2.3533,1.8163,5.8426,9.3141,0,4.463,0.87863,1.1065,2.5668,2.2643,0,2.1297,4.9419,3.4693,2.4935,6.4081,9.474,2.2698,24.432,6.8407,7.3327,0,1.6025,2.1105,0.50257,1.6855,1.6198,5.2644,3.9895,1.2986,4.3134,1.2495,17.601,1.7992,1.2146,1.4533,2.813,3.8014,0,1.5295,1.3,4.0188,3.1209,0,0,1.8384,2.9146,15.53,2.9966,4.6988
0.58819,0.76012,0.65058,0.31837,84.304,0.53788,0.31951,97.13,0.63621,0.56618,0.3705,0.35134,27.185,0.27867,16.538,0,35.821,0,31.239,1.1358,1.5055,3.7211,0,0,0.91891,0.6577,0.95877,0,9.0046,1.0067,2.367,0,55.462,0.86162,0.14125,0,0,0,0.24786,1.3491,0,29.95,18.799,19.309,0.6865,25.595,1.5066,1.5435,10.449,1.352,1.547,0.033691,0.78024,38.947,3.9485,0.89607,1.2627,0,1.2109,4.4868,0.31985,0.64058,2.6178,0.89084,1.9987,1.6161,1.1066,0.085016,0,1.0306,12.719,4.4305,0,3.2323,0.65272,3.9091,0.93558,0.68197,0.26981,4.6801,1.4625,0,19.578,1.45,0.80433,2.1227,1.5832,0.79628,0.62044,3.9821,0.95128,1.2943,32.851,13.837,2.9279,6.0702,18.936,4.5934,0.39259,21.037,0.72756,1.1378,1.2602,2.4366,1.8674,0.59374,1.3833,4.0544,7.0678,1.6814,6.5884,3.5283,0.58059,9.3639,5.7372,0,3.6531,2.0008,4.9221,1.9346,2.4105,4.4985,1.0371,11.159,0,14.684,1.3659,2.4157,4.9916,1.3609,1.5233,1.4933,3.1141,5.7116,14.331,0,0.41023,3.6067,1.3996,22.065,1.8903,1.7629,2.3478,0.74827,0.49258,11.668,0,6.5444,8.3807,1.2862,5.3737,6.1548,35.008,2.2239,0.45712,10.94,1.5666,0,1.441,7.3121,1.7112,1.3788,1.8246,3.8082,2.2872,1.5667,6.4444,1.5487,2.6783,1.8171,6.3597,7.0798,0,4.2296,0.55888,2.1262,1.3953,1.6119,0,1.707,6.4343,1.2112,1.6119,4.9945,4.8273,1.6237,22.711,7.748,7.1238,0,1.3851,29.362,0.32704,1.5312,1.3407,3.4335,3.3513,1.8696,3.2598,3.439,2.0116,1.474,1.6836,1.0501,3.274,2.8616,0,2.2509,0.67471,3.4815,2.5307,0,0,1.8183,2.6578,12.772,3.2522,5.2237
1.9492,67.295,1.1245,1.0176,0.64414,1.1061,0.95644,0.60118,1.1334,0.96273,1.3265,1.0819,1.2445,0.89125,1.2344,35.821,0,0,13.978,0.47149,0.91096,3.6269,0,0,0.72804,0.77443,0.97076,0,40.513,0.7885,3.3368,0,10.162,0.95533,0.29218,0,0,44.135,0.10007,0.98067,0,14.469,13.766,44.334,0.64773,6.4248,15.29,0.62558,7.388,1.1967,1.4287,0.04399,0.97143,14.222,3.9461,0.43336,0.85203,0,1.2459,4.9046,0.13228,0.7141,1.7809,1.2236,2.1789,3.6861,1.6028,0.09562,0,0.96197,5.087,9.1139,0,2.2344,0.56654,2.7144,1.3398,1.1564,0.22743,3.541,1.4406,0,33.54,1.3907,0.91094,56.185,2.1822,1.2075,1.0357,4.4739,1.2349,1.2084,2.0939,5.5807,6.1073,6.772,8.3281,6.171,0.54471,23.68,0.72114,1.0392,1.189,0.85495,2.3178,0.84415,1.214,5.1924,6.1596,0.81609,1.3149,3.5401,0.8588,4.2388,5.0412,0,3.9679,2.0909,4.2665,2.0991,1.8669,8.8953,2.2495,4.4818,0,2.3219,1.4683,4.5733,5.6192,1.8549,0.72316,2.3808,2.4078,4.3271,13.596,0,0.18461,3.4083,1.6075,13.468,1.5313,1.5332,5.1806,1.5729,0.60422,10.367,0,4.1761,7.2032,1.7474,6.1276,4.4167,8.3822,1.333,0.61547,14.523,1.395,0,1.2885,5.1023,1.6139,1.2358,1.5601,3.3915,1.1537,1.3755,2.429,1.5178,1.0524,2.3798,3.5974,7.8277,0,4.4176,0.49225,1.848,1.6928,1.5565,0,1.5077,6.5748,2.2123,1.6126,5.5571,6.564,1.4046,19.575,2.8331,5.9586,0,1.2279,2.2593,0.36964,1.7031,1.2092,3.8485,3.0575,1.362,3.0669,1.8399,2.0967,1.2853,1.9665,0.97641,4.0949,1.878,0,1.6046,0.80643,2.7632,2.7752,0,0,1.5578,2.2895,14.031,1.8193,3.4501
0,0,0,6.6968,0,28.568,0,0,0,0,0,68.831,0,53.751,0,0,0,0,0.72369,1.0062,11.931,8.6823,0,0,1.1023,0.5367,23.358,0,5.0422,1.0355,3.1852,0,1.0649,1.1887,0.27329,24.51,43.143,0,0.19512,1.8475,0,24.279,27.117,2.4913,0.56049,5.49,1.0685,1.2223,11.961,1.1883,1.7008,0.067031,0.6562,21.401,7.3355,0.8741,1.1909,0,22.348,5.9374,0.25255,1.1271,3.5003,1.2554,2.3688,3.182,2.1027,0.10021,0,1.3148,8.0239,7.6377,0,4.5101,1.0091,3.9284,1.182,1.6284,0.33399,16.114,2.6857,0,17.896,1.5876,3.5356,1.2696,1.1476,1.2068,0.88171,5.0442,1.5367,1.9275,1.3432,13.921,4.0898,5.8949,6.3424,4.1959,0.57347,28.157,0.40416,26.373,2.1059,1.2758,2.3359,0.90031,1.5066,3.6542,4.2271,1.5292,1.0388,3.7417,0.93235,4.9204,8.9577,0,5.9698,1.3633,3.3369,1.4003,1.4853,7.5639,2.1112,2.5614,0,1.6318,1.6113,3.5393,8.2345,16.943,25.187,3.4438,3.1219,5.2289,13.198,0,0.46395,7.3589,2.0668,6.613,1.5487,1.8195,3.3548,1.3529,1.1373,13.236,0,7.4954,8.7496,1.5795,5.4309,7.631,6.0233,1.6691,0.84154,10.432,1.2488,0,2.1061,6.5498,2.7596,1.5347,2.1275,5.0169,0.92288,1.8192,1.6841,1.2476,1.6274,1.498,8.6487,8.6335,0,4.6804,0.34416,0.94729,2.1711,2.2752,0,1.2404,4.0889,3.2674,1.2985,5.6016,6.9355,1.9885,13.429,6.0074,7.0266,0,2.1904,1.6665,0.21875,2.428,2.0581,5.3458,6.6437,1.7008,1.9873,2.056,1.7151,1.3443,1.9875,1.9363,2.2792,3.9278,0,2.3674,1.1674,5.8499,4.1729,0,0,1.2934,2.7714,12.362,4.4758,4.5545
1.7895,67.736,1.0172,0.90803,9.3183,0.96295,0.85301,13.858,1.0438,0.86874,10.143,0.98516,2.7909,0.7969,1.19,31.239,13.978,0.72369,0,0.47457,0.93304,3.7099,0,0,0.73744,0.79338,0.96496,0,42.305,0.7966,3.3765,0,34.926,0.97769,0.31405,0,0,71.953,0.094072,1.2865,0,15.098,13.822,50.851,0.64069,27.081,35.115,0.61115,7.8522,1.2812,1.3898,0.045865,1.01,13.175,3.9814,0.41182,0.84046,0,1.1925,4.9944,0.12374,0.73426,1.706,1.3079,2.3531,3.9792,1.6888,0.090166,0,0.9784,4.6747,9.8329,0,2.0676,0.57176,2.6328,1.4491,1.2108,0.20889,3.2428,1.3747,0,35.353,1.3944,0.90882,15.838,38.268,1.2089,1.1303,4.4105,1.2575,1.2661,2.0903,10.572,17.152,6.9776,8.4906,6.2869,0.54586,25.163,51.527,1.025,1.1847,9.5297,2.3222,0.89592,1.2118,5.6564,6.1712,0.83345,1.4439,3.734,0.88016,3.8586,5.0499,0,3.9398,15.192,5.2221,2.4288,2.0265,9.6488,2.4503,4.2221,0,2.3619,1.5244,4.9974,5.7877,1.8607,0.74832,2.5269,2.5394,4.3121,13.966,0,0.18149,3.3926,1.6332,11.381,1.6109,1.5375,5.6735,1.268,0.60201,10.315,0,3.8016,7.3081,1.8937,5.9009,4.4933,9.5905,18.284,0.64576,14.678,1.3998,0,1.2793,5.1173,1.6901,1.2803,1.6361,3.3742,1.0525,1.3701,2.3968,1.5356,1.0213,2.6107,3.4186,7.8474,0,4.7855,0.49611,1.9422,1.7293,1.5546,0,1.5114,2.6801,2.331,1.6353,5.6321,6.8994,1.4355,21.09,2.8127,6.2674,0,1.2233,2.5405,0.37063,1.7152,1.1974,3.8541,2.9876,1.3754,3.28,1.9232,2.2324,1.287,2.0759,0.98656,4.3285,1.9406,0,1.5909,0.79836,2.9338,2.7795,0,0,1.6236,2.2721,13.672,1.7289,3.1595
160.77,6.1843,1.359,1.1401,0.61836,1.3344,1.0652,0.56956,35.558,1.1611,22.048,61.524,21.089,1.0355,1.3108,1.1358,0.47149,1.0062,0.47457,0,62.584,39.714,0,0,0.93498,0.97701,83.084,0,6.3249,0.98291,4.1562,0,1.1361,1.1996,0.33621,0,0,0,12.855,1.0163,0,32.7,17.524,2.772,0.85543,5.2054,1.1454,14.629,9.4203,1.637,1.6726,0.047746,1.1498,27.459,4.6528,0.44177,0.61324,0,1.6475,8.8329,5.8453,0.77211,1.8059,5.125,2.5893,3.9009,2.1507,0.10987,0,1.238,11.49,4.5485,0,2.3144,0.74642,3.2206,1.3576,1.3898,0.23649,3.6872,1.6896,0,37.171,1.7401,1.088,1.322,1.6097,1.3391,1.1062,4.522,5.0281,1.6072,1.3562,7.622,2.9789,8.1519,7.7439,5.7529,0.64944,31.4,0.45612,1.4752,1.6461,1.45,2.7367,1.1401,1.3781,3.1382,7.4651,6.1368,1.2587,3.8875,1.2517,5.8395,6.1063,0,4.4707,1.7161,4.6565,1.6086,1.4707,10.59,2.5809,2.746,0,2.0686,1.7197,4.6627,6.2825,2.4359,0.69118,2.7713,2.0424,4.9269,8.1839,0,0.18385,3.9495,2.0438,9.8136,2.0132,1.7929,4.6865,1.9218,0.7093,11.598,0,4.3586,8.9776,1.824,8.5011,6.3928,7.5888,1.6352,0.65117,19.112,1.6753,0,1.3981,8.6826,2.0927,1.307,2.1732,5.1195,1.2033,1.5545,1.6779,1.8543,1.0578,2.0105,3.6672,9.501,0,5.0712,0.70833,1.5441,2.806,1.8979,0,1.9139,6.7319,2.9168,2.0966,7.1886,6.7837,2.0035,15.148,5.0726,6.5162,0,1.3975,1.9645,0.4571,1.4136,1.3222,4.5578,3.4951,1.8151,4.1779,2.3708,2.4764,1.5024,2.2201,1.1504,4.4787,1.7971,0,1.789,0.87769,2.5742,3.328,0,0,1.4087,2.4837,16.861,1.8546,3.5926
27.246,0.928,1.589,0.64455,1.4025,2.2175,0.63655,1.2852,1.4168,1.4238,7.3653,57.02,0.83539,0.56954,0.58276,1.5055,0.91096,11.931,0.93304,62.584,0,34.601,0,0,1.0555,0.57858,64.571,0,5.5976,1.0788,2.2668,0,0.78383,0.75604,0.30812,0,0,0,38.217,1.5596,0,38.321,24.196,2.5581,0.62678,2.6732,0.86394,38.925,9.5419,1.3153,1.6261,0.030125,0.691,26.184,3.4646,0.79487,1.0761,0,1.3177,2.9293,18.233,0.56669,2.8458,0.95006,1.2114,1.3985,0.9892,0.08983,0,1.4316,9.1741,10.158,0,4.0788,0.6002,4.1734,1.0241,0.66787,0.28278,5.5022,1.6194,0,52.667,1.3915,0.71145,1.0898,1.287,0.74082,0.8321,1.9408,2.1949,18.835,1.083,12.271,4.5782,6.4633,3.2772,4.6742,0.37313,28.778,0.435,7.8542,7.8905,1.41,1.7867,1.2874,1.4479,2.6785,10.415,1.9312,1.1615,3.657,0.8392,5.2061,3.637,0,3.4794,2.011,5.1284,1.5803,0.93418,8.8227,0.90073,2.5891,0,0.94145,1.0899,4.1829,4.4176,1.2586,1.9981,1.3632,2.5026,6.2454,15.803,0,8.7918,3.1647,2.0248,7.2248,1.698,1.8008,3.7847,0.96424,0.44281,12.361,0,7.5363,8.8849,1.3717,8.726,34.916,6.6353,1.3828,0.41211,10.467,1.3723,0,1.3723,6.3294,1.89,1.3804,2.5527,4.1103,1.9275,1.651,1.4089,1.3589,2.1159,1.7013,7.0916,7.0915,0,4.9441,28.636,2.1493,23.084,1.4144,0,1.4952,5.3606,3.2977,1.4144,5.2485,4.3668,2.2257,14.372,5.1024,3.4353,0,1.4977,1.8355,0.38437,1.9938,0.98706,3.9151,3.2552,2.0811,1.8171,2.0104,1.3538,1.4835,1.5316,1.9278,6.0952,2.888,0,2.5948,0.61827,5.0317,2.6502,0,0,1.0925,2.6961,13.267,3.6461,6.1249
29.906,6.5319,8.9547,7.2081,5.5236,6.3982,6.3119,5.0318,11.71,12.336,5.4373,3.6045,5.8437,6.8523,5.0948,3.7211,3.6269,8.6823,3.7099,39.714,34.601,0,2.0514,17.46,8.9782,36.49,2.3963,0,6.8918,0.58696,4.1909,0,1.0915,0.62403,0.24204,0,0,0,69.81,1.6307,0,14.651,13.296,3.0003,0.66862,4.412,1.1255,1.4722,11.192,1.6906,1.7044,0.059727,1.3386,15.345,5.4155,0.81933,1.1117,0,1.5429,5.2775,36.898,0.90922,2.8682,1.5514,2.1933,3.0257,15.809,0.099301,0,0.61358,11.959,8.8889,0,4.7397,41.933,1.7595,1.3519,1.484,0.29365,6.0676,1.6682,0,25.75,2.4628,1.3446,1.3223,0.79439,1.5047,1.1226,4.1556,0.86145,2.9572,1.3266,11.586,5.5137,7.9516,6.0423,6.2143,0.73368,31.961,0.58991,0.64685,1.129,1.4463,3.0369,0.64015,1.4911,4.82,7.6994,1.9742,0.77168,3.8599,1.1076,6.4006,7.4746,0,6.7156,1.4041,4.9203,0.93248,1.3293,12.018,1.9811,2.9004,0,1.7428,1.616,3.8647,7.7653,2.1461,1.4925,3.6369,2.8245,5.4934,16.283,0,0.45714,4.5796,2.4554,7.1102,1.9546,2.1863,4.9893,1.9148,0.97885,12.633,0,5.68,9.6489,1.793,5.5862,6.1354,6.5454,1.8164,0.82772,21.172,1.8953,0,1.4899,7.0901,2.569,1.1355,2.721,5.295,3.2434,1.5216,1.6492,2.1408,1.7408,2.1795,5.3734,9.586,0,4.0444,0.96539,1.4282,2.5664,2.3415,0,2.445,4.4299,1.9184,2.7201,6.7663,8.5356,1.9622,18.557,5.936,7.7702,0,1.5883,1.1799,0.55691,1.8287,1.6056,5.6908,3.692,2.2278,3.2555,3.0854,2.544,1.6279,2.1113,0.67298,2.3712,3.2101,0,1.4751,1.2328,4.7262,3.1255,0,0,1.1003,2.6077,15.136,2.8022,4.5751
56.883,0,111.8,0,0,41.49,0,0,0,75.629,0,0,0,0,0,0,0,0,0,0,0,2.0514,0,0,0.4819,8.5201,0.893,0,4.1789,10.55,36.09,47.745,0.84542,1.1102,0.20913,0,0,0,0.1144,13.706,0,20.695,17.481,2.1526,0.51494,3.5641,0.84961,0.92274,4.3817,1.4171,2.5198,0.084222,1.2554,17.886,25.482,0.54026,12.055,0,1.0898,3.8575,0.14456,5.2192,3.2601,1.0048,1.608,1.9287,1.6957,0.1396,0,1.0739,5.3671,7.3532,0,3.5348,0.69147,3.6508,0.99797,0.91127,0.34676,6.1684,2.0626,0,32.676,0.90889,1.2097,1.0321,1.0287,0.95115,0.72796,2.7733,1.497,1.3222,1.0704,5.776,4.4425,5.7537,4.2087,4.5516,0.93331,18.659,0.34582,1.0783,1.3095,1.4069,14.757,0.79597,1.9268,2.8793,5.6825,1.182,0.9263,4.8105,0.71049,4.0962,7.7747,0,5.6475,1.3158,6.6724,1.331,1.064,5.7708,1.2511,2.188,0,1.0932,1.2682,3.4172,11.533,1.7457,0.65651,2.6739,1.3905,3.2249,13.682,0,0.17489,5.2508,1.0478,6.0408,1.8117,1.2311,3.6087,1.0588,0.74896,10.742,0,5.5647,11.855,1.3151,4.1602,3.2117,6.5641,1.3977,0.90926,19.262,1.9831,0,0.99337,2.9483,1.7072,1.5759,1.8911,5.5064,1.7251,2.7199,1.3492,2.0175,1.3627,1.1934,4.4848,10.934,0,2.7855,0.51186,1.4719,1.5599,2.0687,0,1.9452,3.7648,1.74,1.9645,8.6375,4.7409,1.4039,11.955,2.6935,4.4301,9.3771,10.441,1.568,0.36844,1.74,1.5924,2.2778,5.2664,1.6613,3.2183,1.2583,1.4744,1.8233,1.597,1.0189,3.9163,3.3781,0,2.1039,0.73224,3.8731,3.9881,0,0,0.63042,5.0976,16.949,2.2681,2.8535
0,0,97.425,0,0,0,0,0,103.76,60.739,0,0,0,0,0,0,0,0,0,0,0,17.46,0,0,74.464,7.6399,1.3153,0,5.2759,32.458,4.7426,0,1.3146,60.301,0.28469,0,0,0,0.24542,1.9371,0,24.039,19.116,3.1947,0.40844,5.3539,1.2766,1.6962,9.0107,1.2644,2.0709,0.041481,54.53,20.925,5.5199,1.084,1.5858,0,1.2922,6.2757,0.30652,0.846,2.7412,1.7154,2.6142,2.367,2.6752,0.12568,0,1.5484,7.5255,6.5968,0,3.8149,0.8377,4.3028,1.5997,1.093,0.24563,3.5994,1.5718,0,22.95,1.8988,1.0232,1.4919,1.0705,1.3384,1.1232,3.5087,1.2416,0.98298,1.5329,10.847,3.8087,3.472,4.9842,3.9598,0.68471,21.097,0.43385,1.6969,2.2021,1.6216,3.187,1.3063,1.6213,2.8791,9.092,1.985,1.0259,4.6959,1.0444,5.9379,7.0513,0,2.8365,1.2597,4.7886,1.3261,1.5762,7.8478,1.5826,3.094,0,1.207,2.128,3.1943,6.3422,2.4961,1.3401,1.5749,2.6468,5.393,11.673,0,0.37512,4.2072,1.6842,5.3138,1.6374,2.2655,3.1696,1.0955,0.59383,12.546,0,4.6908,4.9978,2.0798,4.9247,5.5432,5.8799,1.2153,0.65899,7.8677,2.2007,0,1.5095,4.5137,1.2287,1.722,1.0507,4.0973,1.4378,1.7177,1.8793,2.3053,2.0363,1.4588,7.2729,4.8092,0,4.6517,0.61009,1.0618,2.6174,2.0341,0,2.1277,2.6976,2.5541,2.0617,3.2861,6.8612,2.5169,16.099,4.3923,5.8267,0,1.5393,1.6253,0.35976,1.5857,1.3424,3.8664,3.5034,2.395,1.836,1.8478,1.55,2.0416,2.5723,1.4985,3.4431,1.6927,0,1.9957,0.73823,3.8864,3.7457,0,0,1.0388,2.6741,20.867,3.8601,5.485
1.1929,1.0869,56.919,1.3451,1.0921,1.2982,1.3576,0.99654,40.249,36.119,0.93571,0.88602,0.87069,1.1578,1.0249,0.91891,0.72804,1.1023,0.73744,0.93498,1.0555,8.9782,0.4819,74.464,0,15.123,0.74192,0,3.3402,22.805,3.5013,0,0.92382,51.004,0.25577,0,0,0,0.14888,1.2139,0,27.035,18.282,2.2839,0.68851,3.8677,0.91469,1.1107,5.0845,1.4681,1.2383,0.060559,63.321,22.009,5.841,0.70227,1.0917,0,1.5949,4.2864,0.188,0.855,3.8431,1.0877,1.8206,2.1855,1.2976,0.09207,0,1.4212,4.2045,9.8104,0,3.7819,1.0685,3.8961,1.1137,1.0189,0.35361,5.9937,2.1256,0,32.188,0.96591,1.4709,1.1021,1.2924,1.1628,0.7429,3.076,1.3854,1.7691,1.1398,7.261,4.4581,8.3085,4.5619,4.2675,0.52059,20.774,0.29029,1.1919,1.5185,1.1901,2.2509,0.70429,1.7141,2.8245,4.4515,1.4027,1.1584,2.1329,0.68571,4.0084,9.1111,0,4.5437,1.6287,4.8627,1.7146,1.1493,4.4532,1.4221,2.3223,0,1.1691,1.4514,4.4193,9.0385,1.3471,0.7678,3.5938,1.7029,3.0602,14.388,0,0.19445,4.1936,1.3634,7.5591,2.234,3.1247,3.4405,1.071,0.89678,8.2896,0,8.308,12.817,1.4659,4.5757,2.7754,7.7111,1.3448,0.76601,16.358,2.4013,0,1.699,2.7978,2.1906,1.2493,1.9748,4.2557,2.1047,1.2321,1.4271,2.3192,1.478,0.95399,5.2495,8.0922,0,3.2894,0.59191,1.3978,1.7008,2.9347,0,3.0376,3.9036,2.1586,3.182,7.4266,6.5657,1.8093,11.494,2.9066,3.789,0,1.9977,2.0132,0.347,1.5939,1.508,3.6653,4.8278,2.6653,3.513,1.0627,1.5161,2.3993,1.7994,1.214,4.5668,2.801,0,1.804,0.99748,4.2579,2.7206,0,0,0.77206,3.0185,14.822,2.7516,3.6178
33.646,1.2901,17.833,4.3777,1.1688,69.177,5.3187,1.0522,13.861,41.078,1.0725,1.3079,1.09,2.1593,1.1755,0.6577,0.77443,0.5367,0.79338,0.97701,0.57858,36.49,8.5201,7.6399,15.123,0,1.0883,0,5.0462,1.2026,4.8873,0,0.89752,1.1387,0.23659,0,0,0,0.18937,19.753,0,18.441,25.486,2.2957,0.5322,4.2291,0.90258,1.1042,10.535,1.1873,1.9862,0.059114,0.73014,19.617,5.9782,58.822,5.3336,0,1.5477,4.5318,0.24644,0.8699,3.3045,1.1191,1.8767,2.9314,5.3893,0.13057,0,1.1997,8.2657,6.8144,0,10.055,45.596,1.9341,1.0561,1.4367,0.36226,5.3776,2.0871,0,19.069,2.6671,0.61179,1.0761,0.98931,1.4281,0.80668,4.1141,1.38,1.6078,1.1148,10.792,4.0101,6.4463,5.8214,4.3378,0.80728,21.977,0.42364,1.3859,1.7951,1.1609,3.5469,0.91297,1.1338,3.7864,5.6063,1.3721,0.96173,5.9497,0.81613,4.6068,9.1724,0,7.3317,1.2092,5.3214,1.1221,1.1677,7.9618,1.9128,2.2772,0,1.4943,1.3673,3.1793,8.6501,2.9954,1.7797,3.9088,2.7688,5.6557,11.95,0,0.51492,7.0533,2.088,6.0958,1.4755,2.5917,3.4373,1.4579,0.98397,9.6043,0,6.9923,9.3067,1.3925,4.6303,7.6243,5.5484,1.352,0.78643,19.165,0.96908,0,1.5956,6.1666,2.1516,0.88002,1.2752,7.1776,0.80208,1.121,1.3945,1.0163,1.4929,1.5431,6.1808,13.129,0,3.5326,0.63824,1.0757,1.8208,1.0578,0,1.0469,3.7926,2.6345,2.5966,6.2603,7.5222,1.7001,13.557,5.3721,5.3304,0,2.1817,1.4524,0.50691,2.2168,2.0552,5.3802,4.3018,1.2306,2.3766,2.3042,1.9351,0.99219,1.7,1.4961,2.2823,3.2572,0,1.8809,1.1274,3.2531,4.2058,0,0,1.1277,2.5337,19.251,3.3816,5.7618
1.0355,1.7967,0.66981,1.4036,1.4456,1.7498,1.2704,1.352,0.63377,0.60196,13.139,21.178,1.346,1.3349,1.1519,0.95877,0.97076,23.358,0.96496,83.084,64.571,2.3963,0.893,1.3153,0.74192,1.0883,0,0.83566,7.0478,0.47361,3.8909,0,1.0421,1.0468,0.21596,0,0,0,28.014,1.7594,0,26.452,18.732,2.9274,0.56882,4.1617,1.1416,37.447,9.5119,1.4477,1.7095,0.044906,1.0206,14.156,4.6166,0.81179,1.0666,0,1.937,8.2305,12.112,0.72362,2.9236,1.3521,2.0105,2.7059,2.0312,0.11292,0,0.68162,11.422,9.1844,0,4.8494,0.85993,2.1683,1.2348,1.5712,0.34848,7.6874,1.8289,0,25.523,2.6418,1.1164,1.288,0.74001,1.1337,1.0902,4.4593,2.2094,16.206,1.2771,11.538,5.5514,5.6527,5.4879,6.05,0.60849,33.861,0.55569,33.661,1.8766,1.415,2.6208,0.63365,0.98474,4.8452,7.6963,1.9341,0.71497,3.3126,1.3011,6.4723,6.3215,0,5.7873,1.3667,4.4875,0.87562,1.2889,11.031,1.7941,2.8147,0,1.5817,1.4039,3.8478,6.1084,2.927,1.3423,2.3991,2.4123,4.8292,17.881,0,0.45333,4.0777,2.0247,6.6055,1.6746,2.2322,4.8582,1.8614,0.72448,8.3826,0,4.678,8.2536,1.6363,5.6343,3.9374,6.072,1.4217,0.59213,18.335,1.6704,0,1.4381,7.6623,2.3788,0.83569,2.197,5.1253,1.7704,1.0086,1.5774,1.759,1.7836,2.2467,4.8003,9.4083,0,4.4131,37.47,1.41,1.1817,2.0328,0,2.1016,4.2865,1.7185,2.0594,6.9871,5.9903,1.0653,14.041,5.5277,5.8488,0,1.7547,1.1023,0.41494,1.7806,1.2757,4.1016,3.6616,0.90439,2.9526,2.5909,2.0704,1.6162,1.8765,1.8254,2.9712,2.4784,0,1.745,0.9021,4.5499,3.2327,0,0,1.0759,2.1815,16.215,2.4711,3.9676
0,0,0,21.484,0,0,29.602,0,0,0,0,0,0,11.098,0,0,0,0,0,0,0,0,0,0,0,0,0.83566,0,4.0232,0.69577,4.841,37.346,0.86712,1.0329,0.22716,0,0,0,0.17221,2.1475,58.479,18.48,22.702,2.0445,0.44224,4.2624,0.8497,0.99597,8.5071,0.92825,1.741,12.192,1.3687,16.509,5.6279,0.90405,1.2127,0,1.1708,4.4173,0.22453,0.4938,6.0258,0.96813,1.8931,2.3193,1.5065,0.11043,0,1.0991,6.0285,5.6011,11.278,3.9583,0.75709,3.6825,0.96613,1.1127,0.37913,2.5959,2.4885,0,16.719,2.2218,1.2359,1.0428,0.92059,1.2976,0.68364,3.3726,1.0496,1.1276,1.1148,9.5223,3.2922,4.9945,4.917,3.3419,0.40059,17.424,0.33494,1.2089,1.3783,1.0405,1.9396,0.71391,1.6261,2.963,10.056,1.086,0.84399,3.0894,0.6681,3.8346,3.3122,0,3.75,1.0861,6.2954,1.1304,1.2099,5.8545,1.4897,2.1261,0,1.2519,1.3278,2.7632,4.0208,2.0586,1.4111,3.072,2.3182,8.5871,9.8966,0,0.37422,5.1248,1.6537,5.458,1.2348,2.3232,2.6391,1.0708,0.84773,18.507,0,4.5952,7.3919,1.2847,3.899,5.0639,4.9315,1.0829,0.38475,15.629,1.8044,0,1.1382,4.8835,1.5186,2.5034,1.0199,5.9482,0.84701,1.8717,1.4109,1.8028,1.5058,1.1841,9.4534,8.1772,0,3.5503,0.47027,0.89139,1.5023,2.0386,0,1.9651,3.4017,2.1102,1.8423,4.9622,12.296,1.5762,11.266,4.3788,5.2085,0,1.3807,1.3657,0.35947,1.5982,1.7836,6.1107,5.5415,1.3774,1.8833,1.697,1.4338,1.8174,1.6227,1.2492,2.1162,4.2464,0,3.4205,1.2643,2.5378,1.8169,0,0,0.94517,3.8408,13.778,3.8875,5.298
