0,0,52.999,124.85,11.869,1.2309,0,3.3591,0,0,0,19.247,0,106.45,3.0343,0.1016,1.1063,1.3544,0,23.541,0.92431,5.4041,34.341,0,45.267,7.5874,25.558,9.8475,18.098,80.869,0,1.4158,13.157,0,0,0,2.6638,98.59,0,18.039,0,0,2.2456,2.6119,0,0,22.991,2.9047,6.3024,0,7.5984,3.6534,0,0,2.3953,2.4231,0,2.3184,0,1.9236,24.308,2.1274,4.6651,0.93345,2.7574,1.2119,11.892,9.0429,2.7216,16.504,1.6019,0,5.6008,0,0,0,0,0,5.1306,0,4.6009,5.5264,0,15.263,3.308,0,0,2.0559,0,0,0.8428,14.677,0,2.0451,0,0,17.371,11.18,2.036,0,2.1615,1.2974,5.3182,5.199,0,4.9024,1.9242,1.1988,28.643,0,0,0.079609,46.02,1.9597,0.9056,1.0303,1.9683,5.12,4.5296,0,0,1.6905,0,1.3545,3.3138,12.907,0,0,0,0,0,0.68325,6.6044,4.9756,0.66177,1.6607,0,7.7173,0,5.5826,11.296,56.744,42.412,4.55,1.5046,11.695,2.4403,0,0,0,12.993,2.6801,2.1143,0,0,1.0101,0,4.2426,0,0,1.913,1.3305,0,1.7156,0,3.3525,0,10.374,2.0702,0,2.8818,6.0086,5.9354,5.7566,3.5207,2.4622,0,0,12.157,1.3071,0,0,0,1.0908,25.989,5.0062,3.4902,5.49,0.94941,0,4.3376,13.573,0.82689,0,3.7041,2.189,0,0,0,0.9431,6.9051,4.6575,2.0851,3.1055,0,6.003,3.4945,3.8921,5.5512,1.8121,14.089,2.5272,0,0,14.425,3.9595,0,0,4.5871,5.1316,1.5591,9.7428,0,22.555,0,0,1.3655,15.7,4.8121,3.7886,1.4354,6.1609,2.0977,4.0142,2.4496,1.5265,7.4923,0,3.3821,5.6198,0,5.4695,0.98608,3.6308,19.771,0,0,5.0177,2.0938,0,2.5782,2.996,2.9596,28.404,8.6255,5.5286,4.1387
0,0,0.98027,0.74555,15.374,1.3339,0,87.127,0,0,66.986,70.416,0,5.7367,2.8442,0,0.85307,24.511,0,1.5184,0.79393,0.17649,1.0546,0,1.3365,10.624,34.711,8.8109,6.8548,0,0,1.077,4.9752,0,0,0,24.507,0,0,4.1229,0,36.466,1.5971,1.714,0,0,0.72355,1.9817,1.4603,0,0,2.462,0,0,2.2323,1.9902,0,1.7803,0,1.8027,0,2.2526,3.3026,0.76848,2.2129,1.2656,7.3852,7.6446,1.9351,12.48,1.5566,0,3.879,0,0,0,0,0,8.9955,0,3.0368,4.6376,0,10.709,2.5032,0,0,0.93617,0,0,1.325,12.598,0,1.5866,0,0,12.113,9.9452,1.7213,0,2.412,0,4.0967,3.6879,0,9.4359,1.8207,2.6292,0,0,0,0.055201,34.892,1.4471,9.8848,0.81992,1.5552,12.78,2.9854,0,0,1.2875,0,1.1487,2.3153,8.5152,0,0,0,0,0,0.65157,6.2044,3.4767,1.4307,1.753,0,5.2273,0,3.721,6.4758,31.72,31.486,5.7144,0.90938,5.1615,2.9875,0,0,0,12.194,2.4721,1.8008,0,0,1.4859,0,2.2268,0,0,1.4163,0.96606,0,0.56635,0,3.3528,0,11.109,1.6627,0,2.1832,6.2771,5.7685,2.1275,2.4445,2.8341,0,0,5.3223,2.2838,0,0,0,1.2031,21.617,4.7961,1.5912,3.5506,1.1227,0,3.0838,3.0658,0.79854,0,2.8884,1.2987,9.8519,0,0,0.9638,4.4053,3.2953,1.6476,2.2623,0,4.6168,2.4459,2.7137,4.0105,0.66626,8.7935,4.0481,0,0,6.3157,2.8812,0,0,3.3044,3.7458,1.1638,10.284,0,15.536,0,0,1.2195,19.835,5.2922,5.5597,2.1039,6.9871,2.4871,4.9315,3.8963,2.0085,5.7783,0,3.2062,2.5347,0,7.1732,1.7192,3.8191,12.573,0,0,3.5137,1.4093,0,1.6488,2.0843,2.1608,27.494,6.3573,5.7535,4.335
52.999,0.98027,0,0.61598,8.1919,1.0876,0,5.9245,0,0,0,2.5442,0,5.9396,2.1415,0,0.71097,0.92702,80.955,1.2944,0.62294,0.15806,1.2016,27.719,3.3334,9.7431,43.78,5.5179,5.1194,0,0,0.85095,43.139,0,0,0,2.202,0,41.058,60.421,22.747,0,1.7096,1.2164,0,0,1.4587,21.564,1.2434,0,0,1.7341,0,0,1.0762,1.7318,0,1.9064,0,1.3542,0,1.9198,2.6193,1.292,19.454,0.88448,7.2209,6.5786,2.3507,9.8201,1.3268,0,4.065,0,0,0,0,0,2.5133,0,1.6496,4.8625,0,12.129,2.2773,0,0,1.7734,0,0,1.5329,5.0678,0,1.4577,0,0,40.635,7.4439,1.3731,0,1.7648,0,4.27,3.6997,0,8.6356,1.0127,2.0168,0,0,0,0.051972,27.535,1.2435,1.8697,2.2614,1.1788,7.9812,3.9766,0,0,0.93992,0,0.9117,1.9284,14.556,0,0,0,0,0,0.28425,4.3173,2.5284,0.64919,2.2167,0,3.3601,0,2.4829,5.9124,17.369,17.369,7.4105,0.78782,6.3506,2.0509,0,0,0,5.6914,1.8367,1.2933,0,0,1.4775,0,1.9637,0,0,1.596,0.80819,0,1.5232,0,5.0937,0,7.5873,1.3402,0,1.9539,7.1144,5.0848,5.586,1.5357,2.1617,0,0,10.998,1.7234,0,0,0,1.5949,16.05,2.3447,2.1836,2.5634,0.89683,0,3.3186,10.373,1.1579,0,1.3623,1.8021,0,0,0,0.8103,2.7516,3.5657,1.5173,2.2216,0,3.82,2.7928,3.1464,3.414,2.2922,13.627,3.3209,0,0,11.979,3.1836,0,0,2.7733,5.1404,0.775,12.552,0,10.521,0,0,0.98899,12.355,11.94,6.801,2.4468,4.586,1.6345,3.7693,2.6638,1.3742,5.8905,0,3.0518,4.6846,0,8.8164,1.2223,2.1236,13.027,0,0,6.0736,1.4401,0,1.1453,2.7153,2.0366,15.632,8.2951,4.1953,6.2712
124.85,0.74555,0.61598,0,8.6371,10.823,32.786,8.6582,27.229,38.574,0,43.854,0,4.2098,1.59,0,0.89491,0.89554,0,65.795,0.71934,0.19933,52.996,0,0.8677,6.3616,16.621,6.4295,5.0109,0,0,2.312,9.0987,0,0,0,1.9392,43.265,0,2.6552,0,0,1.9319,1.5832,0,0,1.3512,1.631,18.658,0,0,2.1627,0,0,1.2646,1.2833,0,1.5762,0,1.6276,0,1.5243,4.9012,55.062,1.9921,0.77096,3.5992,6.1602,3.3593,16.946,1.0177,0,3.1459,0,0,0,0,0,3.7298,0,4.2134,4.4756,0,10.79,1.5962,0,0,1.687,0,0,0.74359,12.134,0,1.4933,0,0,10.443,4.5635,1.3443,0,2.5453,25.246,4.431,4.3925,0,5.3065,0.69625,2.5014,0,0,0,0.081054,35.485,1.2687,1.4748,2.1864,1.2813,9.4335,1.6395,0,0,0.61385,0,1.0606,2.3284,8.0854,0,0,0,0,0,0.55788,3.9875,5.373,0.50451,3.129,0,5.6354,0,3.535,7.492,33.205,29.811,8.3276,0.97042,5.7039,2.2414,0,0,0,9.8746,1.2411,1.9146,0,0,1.3566,0,2.3129,0,0,1.7689,1.5101,0,1.3653,0,3.3094,0,4.7231,1.5275,0,2.2912,5.2715,5.4317,4.2955,2.2738,2.158,0,0,9.6657,1.827,0,0,0,2.6871,21.16,3.7008,2.7731,4.9139,0.65315,0,3.1023,7.192,0.72136,0,2.0572,1.3988,0,0,0,0.68621,4.4622,4.3895,1.8654,3.3459,0,6.6564,3.6342,3.4904,5.4654,1.3976,9.1692,2.0819,0,0,7.139,2.6519,0,0,3.0355,6.053,0.57365,13.181,0,17.91,0,0,0.61439,14.95,4.5982,5.2031,1.8234,5.0611,1.7874,3.7049,2.1628,1.6059,4.4948,0,2.3322,3.5974,0,7.9339,1.3404,3.2151,15.943,0,0,5.8299,1.2859,0,1.788,3.1158,2.7851,22.848,6.2195,6.2895,5.2492
11.869,15.374,8.1919,8.6371,0,7.5037,7.3994,18.238,1.3874,0,13.53,1.9912,18.006,4.774,14.805,0,0.44035,1.2207,0,1.3532,17.573,0.1316,1.179,0,0.87639,13.379,26.864,6.4716,2.1272,0,60.771,0.96327,4.4252,0,29.065,0,1.4858,0,0,2.8289,0,0,1.3256,1.7444,0,19.112,1.0707,1.311,1.3629,0,0,2.0638,0,20.969,1.4878,0.76169,0,1.5766,68.739,2.0859,0,1.6191,2.8831,1.5887,1.4669,40.366,5.8645,2.9963,3.2907,11.407,0.97281,49.363,3.9378,0,0,0,0,0,4.3134,0,2.515,4.6039,0,7.2787,1.0835,0,0,1.1012,0,0,1.1337,7.4877,0,0.80257,0,0,9.577,10.36,1.6644,0,13.001,0,4.0173,4.511,0,5.4727,1.6716,1.8815,0,0,0,0.047603,14.759,0.67811,1.6321,2.1762,0.5485,10.267,2.5251,0,0,0.93841,0,0.56867,0.90731,7.7601,0,0,0,0,0,0.25128,1.859,2.9042,0.48441,2.5062,0,4.3846,0,3.0177,4.2334,25.873,26.071,3.6278,1.0036,4.6745,2.522,0,8.1009,0,6.788,3.209,1.4384,0,0,0.79071,0,2.0248,0,0,1.2692,0.96819,0,1.2658,0,2.5851,0,10.833,0.79421,0,1.4646,8.4517,4.5732,4.6745,2.0772,2.9156,0,0,13.344,2.0818,0,0,0,1.7094,9.1931,1.9196,2.1441,2.6058,0.6495,0,1.9998,8.6478,0.71656,0,1.9662,1.1454,0,0,0,0.97587,3.5301,2.6952,1.4384,2.3374,0,3.8807,2.2667,2.3269,3.6255,1.9297,6.5457,3.466,0,0,5.8828,3.9167,0,0,2.3716,5.1257,0.71632,11.075,0,11.176,0,0,0.92754,12.082,6.7926,6.6201,2.4027,8.9953,2.6864,5.0722,3.8804,1.7235,2.4408,0,2.57,3.0084,0,6.2394,1.4657,2.7434,12.947,0,0,5.5295,1.1628,0,1.4788,2.8325,2.6446,24.195,3.3711,7.2044,6.614
1.2309,1.3339,1.0876,10.823,7.5037,0,90.68,3.2137,75.109,20.955,0,2.2475,0,4.5198,38.974,0,0.75781,0.74637,0,1.0743,0.88545,0.097507,1.4925,0,0.69887,3.2442,35.789,2.6904,3.8807,0,0,32.461,6.3952,0,0,0,0.73807,0,0,2.1812,0,0,1.5983,1.5097,0,0,0.8642,0.93924,1.0716,0,0,1.6081,0,0,1.4985,1.1391,0,1.2629,0,1.0969,0,1.2473,2.7906,1.6695,1.5769,0.39003,8.0892,4.9415,2.8299,18.52,0.89324,0,3.1666,0,0,0,0,0,3.8888,0,2.8366,13.225,0,8.6238,1.5283,0,10.368,1.4143,0,0,1.5686,8.2384,0,1.1935,0,0,7.0211,10.968,1.8797,0,0.96172,0,4.3671,3.7601,7.2336,4.5038,1.0173,1.753,0,0,0,18.841,29.196,1.0048,1.265,1.6304,0.96705,6.5648,3.5013,0,0,0.73851,0,0.91709,1.924,8.4959,0,0,0,0,0,0.41512,3.7508,3.0865,1.0376,2.7646,0,4.2803,0,2.7156,3.0616,22.111,22.111,5.5803,0.81544,4.4509,2.4501,0,0,0,15.983,2.8313,18.83,0,0,0.86629,0,1.9145,0,0,1.7403,1.4652,0,1.3528,0,2.5386,0,10.793,1.2921,0,1.9484,12.404,2.9044,4.9558,1.8459,2.7437,0,0,8.184,1.8589,0,0,0,2.4265,17.187,5.3231,1.9981,3.2413,0.56186,0,1.9729,5.6933,0.59244,0,1.6322,1.1362,0,0,0,0.89873,3.7541,3.0872,1.3291,2.037,0,4.831,2.5389,2.7873,4.2849,1.2752,3.7537,1.8782,0,0,5.7992,2.8424,0,0,2.3232,6.0947,0.48202,7.9865,0,14.452,0,0,1.1335,6.4574,6.6123,4.6237,1.7512,5.8326,1.6236,2.7069,2.0098,0.78346,3.6199,0,1.9521,2.9619,0,6.2475,1.2453,3.273,16.135,0,0,3.5281,1.1172,0,1.3317,2.7704,2.3519,24.358,5.0233,2.4497,6.0827
0,0,0,32.786,7.3994,90.68,0,7.2213,35.511,5.7457,0,2.3585,0,3.9065,37.151,0,1.0116,0.78561,0,1.3976,0.36337,0.19112,1.3359,0,0.46565,6.252,26.637,4.8391,5.8995,0,0,52.791,9.4022,0,0,12.849,1.3499,0,0,1.4085,0,0,1.303,0.72949,0,0,1.3538,1.2312,1.2735,0,0,2.4156,0,0,1.8447,1.3809,0,1.5582,0,1.9423,0,1.5367,2.8037,1.2321,1.3323,0.92931,6.1522,7.037,2.7396,15.539,0.93827,0,3.1224,0,0,0,0,0,3.313,0,2.7706,10.327,0,10.731,1.7559,0,0,1.7191,0,0,1.1412,9.3952,0,1.6971,4.9494,0,7.1,8.6696,1.9496,0,2.0243,0,11.698,3.7049,4.4593,4.133,0.91736,1.8898,0,0,0,0.027445,30.411,1.1088,1.409,2.2633,1.3867,10.152,2.5535,0,0,1.5962,0,1.2596,2.391,5.7029,0,0,0,0,0,0.60859,5.4013,1.9016,0.87314,3.5907,0,5.4061,0,1.6358,5.2332,25.652,28.514,7.6925,0.78293,4.9135,1.6366,0,0,0,6.2551,2.6764,11.317,0,0,0.90413,0,1.1799,0,0,1.3143,0.71216,0,1.0207,0,2.5504,0,8.1164,1.8254,0,2.4682,9.6456,5.1347,2.5275,2.5734,1.516,0,0,8.4252,1.8236,0,0,0,1.5912,24.811,4.1572,3.0757,3.0895,0.58743,0,1.8365,6.0429,0.74973,0,1.1513,1.2293,0,0,0,0.38053,2.3243,2.7191,2.0514,2.0712,0,4.8346,2.4698,2.3046,3.7222,0.72445,6.4231,1.2966,0,0,6.3561,1.2849,0,0,1.3939,4.5992,0.88166,19.188,0,14.203,0,0,0.90586,12.768,6.1433,4.6291,1.602,4.5838,2.0686,3.1833,1.2695,1.0909,4.969,0,2.0301,3.9952,0,7.3265,1.3659,2.9316,9.9164,0,0,6.5343,1.3645,0,0.71254,2.5711,2.2695,17.028,6.9106,5.3414,7.7782
3.3591,87.127,5.9245,8.6582,18.238,3.2137,7.2213,0,2.7293,0,46.218,62.765,0,5.0913,2.6494,0,0.70059,44.246,0,1.0304,80.82,0.068123,0.6176,0,0.57109,4.6532,24.748,6.6603,25.627,6.2505,0,1.1742,9.2661,0,0,0,52.56,0,0,1.9152,0,0,1.3724,1.3224,0,0,1.1621,2.1683,0.71175,0,0,2.2376,0,17.845,1.7721,1.1651,0,1.9323,0,1.6552,0,1.6766,3.197,0.86579,1.612,0.42263,5.3588,5.1196,2.4408,14.393,1.4317,0,4.7554,0,0,0,0,0,5.3361,0,2.6694,4.1717,0,10.342,1.8061,0,0,2.1384,0,0,0.80473,9.6642,0,1.2497,0,0,11.207,10.192,1.7238,0,1.3794,0,4.2747,3.4984,0,3.1716,1.1287,1.537,0,0,0,0.065042,25.693,1.1059,1.9854,2.611,1.0394,4.2127,1.8892,4.9849,0,1.0036,0,0.84323,1.5786,8.1578,0,0,0,0,0,0.50638,31.549,2.9329,1.0248,1.2186,0,4.6847,0,3.24,7.6733,39.832,27.141,6.6395,0.56131,6.8162,2.3205,0,0,0,10.482,2.315,1.525,0,0,1.4267,0,2.292,0,0,1.2514,0.93859,0,1.3986,0,2.746,0,10.506,1.2278,0,1.8241,4.4822,5.0373,5.0358,2.3506,2.2108,0,0,13.949,1.3063,0,0,0,1.7183,15.371,3.3718,2.2515,3.8297,0.93753,0,2.3112,9.2643,0.93917,0,1.4991,1.5813,0,0,0,0.96316,3.8857,2.8686,1.9663,2.0643,0,3.7398,2.2142,2.4023,3.5986,1.3338,9.2449,2.0137,0,0,8.1577,3.784,0,0,2.6614,4.0308,0.65442,6.4004,0,16.6,0,0,1.0557,12.158,3.9323,3.1569,1.1767,5.3683,1.8652,3.8861,2.2411,1.2742,4.2132,0,3.3261,3.1874,0,5.0943,1.0961,4.2196,11.737,0,0,4.8434,1.2388,0,1.5712,2.1778,2.05,24.131,5.2692,3.5136,4.1013
0,0,0,27.229,1.3874,75.109,35.511,2.7293,0,1.0321,0,2.276,0,4.1729,44.083,0,0.91803,0.74353,0,1.2814,0.32412,0.17346,1.2967,0,0.49504,6.335,25.642,4.9198,5.729,0,0,53.023,8.4781,0,0,11.445,1.3577,0,0,1.4866,0,0,1.15,0.71076,0,0,1.2195,1.2053,1.1681,0,0,2.3084,0,0,1.8719,1.4205,0,1.412,0,1.7941,0,1.3905,2.6948,1.3107,1.2807,0.95239,5.913,6.7313,2.6336,14.258,0.87775,0,3.1102,0,0,0,0,0,3.1836,0,2.5868,6.6213,0,9.6832,1.798,0,0,1.5609,0,0,1.0962,8.6722,0,1.5548,5.1915,0,6.8215,8.5247,1.8547,0,2.0397,0,12.56,3.5579,0,4.3061,0.89905,1.7756,0,0,0,0.025431,30.973,1.1314,1.2924,2.0376,1.3939,9.1907,2.4516,0,0,1.4506,0,1.2031,2.4489,5.0194,0,0,0,0,0,0.5813,5.3054,1.9901,0.90652,3.302,0,5.0415,0,1.7082,5.3234,24.611,27.351,7.3445,0.7883,4.5222,1.4391,0,0,0,5.6236,2.4863,11.858,0,0,0.86784,0,1.2322,0,0,1.1583,0.62681,0,0.91493,0,2.4484,0,7.7943,1.7423,0,2.2213,10.106,4.9002,2.2952,2.4554,1.3412,0,0,8.0828,1.7812,0,0,0,1.4008,23.699,3.7259,2.9801,3.0042,0.54961,0,1.7624,5.6266,0.67582,0,1.2193,1.1324,0,0,0,0.35547,2.4084,2.6088,1.9302,1.9868,0,4.8098,2.3727,2.2114,3.282,0.7328,6.5458,1.3499,0,0,5.8331,1.247,0,0,1.4762,4.415,0.90242,18.647,0,14.032,0,0,0.86909,12.114,5.8937,4.4408,1.5699,4.4066,2.1214,3.0539,1.2648,1.0465,4.7382,0,1.9419,3.8102,0,6.6392,1.2678,2.819,8.728,0,0,6.2915,1.2761,0,0.73242,2.4678,2.1762,14.987,6.5892,5.3719,6.9872
0,0,0,38.574,0,20.955,5.7457,0,1.0321,0,0,2.5412,0,4.3185,2.9997,0,0.3563,0.76496,0,1.0156,0.54846,0.11782,1.2377,0,0.84596,4.7992,23.595,3.7683,2.1806,0,0,15.774,5.877,0,0,0,1.5065,0,0,2.5564,0,0,1.1718,1.4873,0,0,0.83224,1.0666,0.97387,9.2941,0,1.4639,55.154,0,0.96385,0.96954,0,1.1094,0,1.2109,0,1.0999,3.3831,1.6226,1.2152,0.58944,5.4588,3.2103,3.5886,11.426,0.915,0,1.8947,0,0,0,0,0,2.7869,0,3.8659,4.3642,0,5.0402,1.3974,31.629,0,1.2344,0,0,1.0025,4.8344,0,0.66914,0,0,8.21,6.9045,2.1747,0,1.478,0,4.3642,5.1068,0,4.9139,0.76431,1.7755,0,0,0,0.064764,35.225,0.87586,0.8566,1.4087,0.61527,6.1628,2.2444,0,0,1.0872,0,0.5258,1.0355,5.4104,0,0,0,0,0,0.25231,3.8923,3.8242,0.91695,1.1433,0,2.8444,0,3.5475,4.0913,22.338,22.338,4.7569,0.87016,3.003,1.4953,0,0,0,12.021,1.7172,1.5659,0,0,1.0237,0,2.2964,0,0,1.3436,1.1936,0,0.86263,0,2.9786,0,6.328,0.73065,0,1.0599,10.196,3.082,3.4548,1.3718,1.6051,0,0,9.3413,2.0479,0,0,0,1.8951,9.424,4.0634,1.1348,1.4804,0.58732,0,1.8252,5.8976,0.34377,0,1.8936,0.82003,0,0,0,0.70343,4.2402,2.6159,0.74339,2.5949,0,4.2192,3.2549,2.1422,5.8111,1.2984,5.0275,2.0645,0,0,4.1182,2.5427,0,0,3.2269,5.4361,0.74999,39.173,0,18.408,0,0,0.74544,7.8605,5.2537,4.7408,1.7625,3.8692,1.3899,2.6878,1.4867,1.0016,2.8555,0,2.1423,2.3706,0,5.8757,1.4468,2.2477,10.349,0,0,5.8092,0.8167,0,1.73,3.5281,3.3962,14.863,3.168,3.6857,5.6796
0,66.986,0,0,13.53,0,0,46.218,0,0,0,64.901,0,3.9039,2.4578,0,0.73704,47.215,0,1.1785,39.901,0.11736,1.0229,0,0.38027,2.946,25.554,4.9931,12.47,4.8886,0.6029,0.91591,10.69,0,0,0,70.084,0,0,1.17,0,9.9177,1.1923,0.69243,0,0,1.4818,1.3107,1.1218,0,0,1.9165,0,6.8316,1.7221,1.1218,0,2.0163,0,1.4175,0,1.0663,2.4376,0.65839,1.4409,1.0081,5.4131,6.0041,1.3255,9.2969,1.0738,0,3.1318,0,0,0,0,0,4.3543,0,2.301,3.5795,0,10.958,1.7342,0,0,2.1756,5.9077,0,1.067,11.609,0,1.4905,0,0,7.2526,8.3276,1.3892,0,5.1106,0,2.6992,2.4099,0,3.2469,1.0694,1.9284,0,0,0,0.041832,26.161,1.0325,1.7307,25.68,1.3186,4.6741,2.3598,0,0,1.1271,0,0.97495,1.8038,5.9554,0,0,0,0,0,0.59143,4.9418,2.5501,1.2132,1.7058,0,3.9997,0,2.433,5.6926,25.134,23.425,8.0654,0.61417,4.8921,1.703,0,0,0,10.137,2.0841,1.6079,0,0,1.217,0,1.6267,0,0,1.0604,0.74083,0,1.078,0,2.3963,0,10.293,1.4351,0,1.7883,6.0953,6.0305,2.5937,2.5961,2.0016,0,0,11.019,0.93567,0,0,0,1.4296,18.037,3.9459,1.5511,2.4224,0.6894,0,2.0077,6.8753,0.98218,0,1.6255,1.228,0,0,0,0.66541,3.3112,2.47,1.5414,1.471,0,3.5324,1.6708,2.0816,3.0308,1.4151,6.7406,1.1078,0,0,5.6057,2.8876,0,0,2.1832,2.4584,0.62958,9.6351,0,10.597,0,0,0.91208,12.806,5.9134,3.756,1.2572,5.4157,1.8773,4.5156,1.0837,1.1312,4.5562,0,2.0999,3.7511,0,5.7512,0.62329,9.2794,10.159,0,0,2.4393,1.0565,0,1.0864,1.368,1.412,17.782,6.2249,4.8414,3.9894
19.247,70.416,2.5442,43.854,1.9912,2.2475,2.3585,62.765,2.276,2.5412,64.901,0,1.4033,5.7669,2.4806,0,0.86645,35.081,0,18.643,0.61583,0.11201,1.1997,0,0.7857,6.3221,26.821,4.9922,16.706,6.2545,0,0.97304,10.117,0,0,0,45.08,0,0,2.4608,0,0,1.2885,1.2154,0,0,1.3366,1.2636,6.8198,0,0,2.0625,0,0,1.407,1.2812,0,1.5464,0,1.6384,0,1.6916,1.9563,0.76747,2.0339,0.72488,6.1294,6.7597,1.2364,9.0523,0.96786,0,3.2475,0,0,0,0,0,3.8537,0,2.462,2.851,0,10.14,1.568,0,0,1.9279,0,0,1.335,10.217,0,1.5976,0,0,7.3194,8.0453,1.4398,0,1.8402,0,2.148,2.0251,0,4.9843,0.48863,5.0883,0,0,0,0.040906,18.913,0.90759,1.4092,2.5908,1.3713,5.6699,2.8984,0,0,1.3184,0,1.0115,1.7997,8.6682,0,0,0,0,0,0.65081,4.2725,2.3814,0.96241,2.0584,0,4.4315,0,2.1889,5.7126,24.526,24.639,8.1483,0.93641,5.0015,2.55,0,0,0,8.058,2.1003,1.7788,0,0,1.1186,0,1.2036,0,0,1.0865,0.74279,0,1.5816,0,2.3803,0,5.3177,1.5462,0,2.1109,6.2349,5.9274,4.6207,1.7773,2.2376,0,0,10.794,1.076,0,0,0,1.3964,18.917,3.6286,6.2818,2.3192,0.61739,0,2.7012,6.1001,0.75659,0,1.748,1.1488,0,0,0,0.63571,3.5048,2.5723,1.9558,1.1916,0,3.6997,1.3318,2.1502,3.0561,0.64006,6.7741,1.8702,0,0,5.492,2.7385,0,0,1.9637,2.0958,0.73483,6.0996,0,9.4815,0,0,0.83747,13.261,6.6345,4.8378,1.6663,3.688,1.3144,3.9522,1.9085,1.5493,3.3832,0,1.9577,3.7911,0,4.4131,0.65657,2.7551,11.081,0,0,2.3241,1.1704,0,1.0149,1.1662,1.1865,25.58,6.5711,4.0477,4.8076
0,0,0,0,18.006,0,0,0,0,0,0,1.4033,0,3.7508,2.2323,0,0.53661,12.81,0,0.99924,0.56247,0.060072,0.56381,0,0.53412,17.129,20.874,51.675,3.5605,0,54.257,0.8193,6.9132,0,25.759,0,1.6751,0,0,1.7907,0,11.563,1.0195,1.3573,0,9.8529,0.84023,1.5862,0.99026,0,0,1.6022,0,0,1.0917,1.0767,0,1.5176,33.853,1.4391,0,1.6138,2.1442,0.73303,1.2646,0.8214,6.1981,4.0066,1.8421,11.532,20.135,0,3.6099,0,0,0,0,6.0601,3.6679,12.914,1.9553,3.3488,0,7.7132,1.4788,0,0,0.85609,0,28.484,0.68409,6.7004,0,0.9341,0,0,8.6094,8.054,1.4119,0,1.776,0,2.7939,2.7048,0,4.7683,0.95926,1.9433,0,0,0,0.03622,20.672,0.89873,1.768,0.89736,0.78906,7.4668,1.6014,0,0,0.7261,0,0.65723,1.227,6.0348,0,0,0,0,0,0.35104,3.1457,2.2454,0.82388,1.0787,0,3.3895,0,2.3649,4.5834,28.022,20.545,7.8477,0.519,5.3577,2.2426,0,0,0,9.2635,2.1997,1.0756,0,0,0.81315,0,1.4172,0,0,0.94432,0.68127,0,0.5608,0,2.1205,0,8.2036,0.93642,0,1.4023,3.9525,4.6543,1.9681,1.7476,40.472,0,0,8.9934,2.1761,0,0,0,1.2427,11.622,2.6933,0.9533,2.6505,0.91463,0,1.7771,6.8361,0.66781,0,1.4761,1.203,0,0,0,2.1507,2.9645,2.1782,0.90081,1.5333,0,2.9733,1.5752,1.8278,2.6768,1.1288,5.9839,1.8803,0,0,6.2398,2.4269,0,0,2.0027,2.9584,0.56754,5.7693,0,11.779,0,0,0.70968,15.558,3.5445,2.9052,1.0893,6.3823,2.1145,4.2667,2.2395,1.5318,3.1535,0,3.3531,2.4803,0,4.3107,1.6431,2.3794,9.2799,0,0,2.2969,0.9004,0,1.1013,1.6277,1.5632,19.449,4.0009,3.7098,3.5107
106.45,5.7367,5.9396,4.2098,4.774,4.5198,3.9065,5.0913,4.1729,4.3185,3.9039,5.7669,3.7508,0,3.4861,4.3505,1.0815,0.7203,0,1.1803,0.48936,21.821,1.1347,0,30.794,5.2895,26.262,5.9154,34.061,48.817,0,0.61932,8.1049,0,0,0,1.1328,0,0,5.3884,0,0,4.6844,1.1421,0,0,26.252,1.9843,0.75975,0,0,1.8477,0,0,0.99763,1.24,0,0.69116,0,0.6553,4.1706,0.70294,3.0221,1.4128,0.7763,0.57727,8.2766,5.523,2.8202,7.8481,0.8263,0,2.2756,0,0,0,0,0,3.4591,0,2.4441,3.1019,0,12.297,1.4662,0,0,1.3209,0,0,0.85415,9.6899,0,1.4151,0,0,7.8888,5.5046,1.0804,0,1.985,0,2.8419,3.9384,0,5.0466,1.2121,2.5037,0,0,0,0.036242,16.4,0.77679,1.3229,1.6958,1.0814,6.2295,2.014,0,0,0.50631,0,0.77758,0.97585,3.4616,0,0,0,0,0,20.335,1.6931,3.0073,0.63008,1.9753,0,3.9572,0,1.8268,7.7804,41.501,25.122,5.0432,1.1334,16.837,0.90558,0,0,0,7.1065,1.448,0.72244,0,0,0.81079,0,2.208,0,0,1.0966,0.67818,0,0.5467,0,3.8354,0,6.0456,1.1821,0,1.9818,5.8913,3.8337,2.3902,1.8184,1.056,0,0,7.5933,1.4338,0,0,0,1.5473,13.06,2.402,1.9317,2.1741,0.53735,0,2.7135,8.3837,0.60708,0,1.1097,1.8072,0,0,0,0.4358,4.3112,3.1647,1.3127,2.3785,0,4.1661,1.9059,2.5666,2.8665,1.1325,9.7133,1.6722,0,0,7.1565,1.7446,0,0,1.7447,4.1965,0.48892,11.579,0,8.5437,0,0,0.49528,10.145,7.4901,4.2575,1.4769,5.234,1.8267,2.7378,1.6912,0.66938,4.9267,0,1.7102,3.2846,0,5.442,1.1392,2.9737,17.748,0,0,5.1903,1.5596,0,0.89234,2.2216,2.1771,22.084,5.7966,3.8465,6.3982
3.0343,2.8442,2.1415,1.59,14.805,38.974,37.151,2.6494,44.083,2.9997,2.4578,2.4806,2.2323,3.4861,0,1.157,0.5698,0.7842,0,0.91766,22.826,0.10589,1.0981,0,0.59085,8.1474,16.763,5.9283,3.3265,0,0,0.8347,5.8987,0,26.175,0,1.6128,0,0,1.8254,0,0,1.0469,0.99433,0,0,0.79313,1.3791,0.88187,0,0,2.0284,0,0,0.63563,0.88946,0,1.1404,0,16.321,0,1.1332,2.8875,1.1852,1.2036,0.89849,3.6299,3.8832,1.8135,13.835,0.93925,0,3.224,0,0,0,0,0,1.7106,0,2.2034,4.8441,0,6.952,1.1628,0,0,1.3214,0,0,0.59958,7.0598,0,0.93347,0,0,7.6947,24.52,1.8011,0,2.444,0,4.1488,2.8085,0,3.6554,0.77533,1.6354,0,0,0,0.044659,27.44,0.98168,1.2075,1.4632,0.75361,6.86,1.3737,0,0,0.51455,0,0.72838,1.5655,5.2812,0,0,0,0,0,0.33812,3.3357,2.9779,1.0384,2.0647,0,3.5812,10.984,2.5479,5.4298,26.507,21.103,5.6731,0.64121,3.9899,1.7008,0,0,0,13.083,14.977,0.69917,10.645,0,0.79966,0,1.4178,0,0,0.99391,0.72347,0,0.87799,0,2.0484,0,5.3291,1.0175,13.631,1.45,4.2002,3.4459,3.1875,1.5549,1.9377,0,0,10.715,2.084,0,0,0,1.3235,13.602,4.1533,1.6988,2.2731,0.58569,0,1.8146,5.4437,0.5216,0,1.302,1.0093,0,0,0,0.71783,2.7995,2.3884,1.0874,2.0678,0,4.4081,1.6754,1.9374,2.9464,0.90295,6.5147,1.7125,0,0,5.9777,2.3044,0,0,2.1899,3.6612,0.59196,6.6467,0,14.935,0,0,0.75241,10.186,4.0836,3.5516,1.48,3.7051,1.5098,3.0336,1.8603,1.1136,2.9657,0,2.3823,2.3746,0,5.1065,1.593,1.7863,8.7921,0,0,4.7637,1.068,0,1.1897,1.845,1.681,15.658,3.9642,5.5552,3.2204
0.1016,0,0,0,0,0,0,0,0,0,0,0,0,4.3505,1.157,0,4.4349,0.37589,0,0.71266,0.47747,20.949,1.2167,0,0.68396,4.7983,28.908,3.5831,4.8236,0,0,0.89439,5.9836,54.313,0,0,0.64533,18.596,0,2.0249,0,0,1.2987,1.4395,0,0,0.87742,0.93725,0.66164,0,8.3073,2.3892,0,0,1.1519,1.5079,0,1.094,0,1.0292,0,1.0662,1.7795,0.79951,1.3452,0.66635,15.957,7.5018,2.3502,8.5204,0.53118,0,2.2293,0,0,0,0,0,2.7352,0,2.2874,2.6371,0,11.386,5.9796,0,0,1.0095,0,0,1.4967,9.2141,0,1.8661,0,0,4.0503,7.2267,1.3705,0,1.3367,0,1.99,5.6713,0,4.8115,0.72974,0.91028,0,0,0,0.038129,18.199,0.81217,1.2098,1.3869,0.76065,5.7311,3.3165,0,0,1.4048,0,0.49103,1.384,5.5371,0,0,0,0,0,0.39099,3.2554,4.5946,0.6286,2.5829,0,4.7151,0,3.7576,4.2053,26.155,34.264,4.4719,0.84374,4.7606,1.4009,0,0,24.705,8.0691,1.8873,1.5401,0,0,0.44582,0,2.2802,0,0,1.3418,0.85268,0,0.8573,0,1.4696,0,7.7389,1.7122,0,2.303,5.7141,3.0151,3.0151,1.675,1.4603,0,0,4.9991,1.1189,0,0,0,1.4551,8.7697,3.2176,2.5455,2.3908,0.34533,0,1.7652,5.3066,0.50768,0,1.6807,1.2846,0,0,0,0.4726,3.8508,2.6361,1.7036,5.7783,0,3.7751,1.2372,2.4699,3.1451,0.99589,5.1108,1.5299,0,0,6.5863,1.7597,0,0,1.78,2.0148,1.128,6.2413,0,8.833,0,0,1.1055,7.5151,7.2696,4.834,1.6887,4.4654,1.58,2.4829,1.5461,0.85236,4.5494,0,1.1306,3.8824,0,4.595,0.67183,2.1119,14.222,0,0,2.3192,0.63251,0,1.213,1.1211,2.8097,15.298,8.038,3.2607,8.1025
1.1063,0.85307,0.71097,0.89491,0.44035,0.75781,1.0116,0.70059,0.91803,0.3563,0.73704,0.86645,0.53661,1.0815,0.5698,4.4349,0,0.70627,0,0.93632,0.47216,0.11668,1.1292,0,0.77608,5.6036,33.001,3.3069,1.9289,0,0,0.77767,5.3379,0,0,0,1.3494,0,0,2.3192,0,0,1.149,1.5366,0,0,0.78147,1.1981,0.90951,0,0,2.5249,0,0,0.83704,0.84196,0,1.0174,0,0.97429,0,1.0067,3.3344,1.2322,0.89092,0.48989,5.5309,2.8245,2.6542,7.7903,0.84772,0,2.7558,0,0,0,0,0,2.3519,0,3.6542,3.774,0,4.8022,1.5831,0,0,1.1025,0,0,0.98216,4.7122,0,0.61149,0,0,7.7279,5.4503,1.1138,0,1.2297,0,3.3088,31.228,0,4.25,0.66895,1.6578,0,0,0,0.046256,27.188,0.76164,0.83561,1.2463,0.92158,5.2295,2.2072,0,0,0.97532,0,0.47202,2.0347,4.9755,0,0,0,0,0,0.35743,3.1493,4.3873,0.60401,1.0769,0,5.3634,0,3.3892,3.7134,21.805,21.449,4.1624,0.61282,2.9342,1.2877,0,0,0,5.3599,1.3397,1.0838,0,0,0.87279,0,2.4921,0,0,2.6375,0.61753,0,0.76727,0,2.1967,0,5.257,0.65644,0,0.99841,5.6399,2.7251,3.1976,1.9314,1.4367,0,0,6.9766,1.3245,0,0,0,1.7323,18.163,1.8359,1.0038,2.6952,0.53781,0,1.3619,4.5875,0.58833,0,1.8064,0.80259,0,0,0,0.56388,4.2816,2.5155,0.66191,1.8963,0,3.6953,2.9534,2.0906,3.5505,1.1525,4.5607,1.7477,0,0,4.0238,2.1497,0,0,1.6689,5.8492,0.95594,11.697,0,8.9278,0,0,0.66162,6.9155,4.7675,4.0106,1.4875,3.3759,1.1987,2.3722,1.8161,0.8455,2.4903,0,1.8399,2.9661,0,5.9697,1.0628,1.8532,10.572,0,0,4.9018,1.5751,0,1.7721,2.8223,3.262,14.078,2.8368,3.049,8.2822
1.3544,24.511,0.92702,0.89554,1.2207,0.74637,0.78561,44.246,0.74353,0.76496,47.215,35.081,12.81,0.7203,0.7842,0.37589,0.70627,0,0,1.0959,0.5188,0.1382,0.93953,0,0.81877,29.824,22.521,15.512,5.2348,0,0,0.74227,4.586,0,0,0,26.2,0,0,2.4976,0,3.5968,1.0448,1.0292,0,0,0.67364,1.1343,1.0117,0,0,1.5852,0,0,1.3415,1.2241,0,1.6311,0,1.1727,0,26.034,2.1468,0.63001,1.7616,0.93725,4.7225,5.3707,1.2069,7.8525,1.1075,0,2.2764,0,0,0,0,0,32.639,0,1.9467,2.992,0,7.9192,1.4903,0,0,6.2081,0,0,1.025,9.6269,0,1.2223,0,0,4.5629,6.8252,1.2029,0,1.5992,0,2.4041,2.1571,0,6.9905,32.028,1.6406,0,0,0,0.033995,20.944,0.87344,1.7097,1.094,1.098,9.1246,2.2181,0,0,0.96913,0,0.81842,1.444,6.2732,0,0,0,0,0,0.53072,3.9585,2.2323,0.94068,1.656,0,3.3468,0,2.0734,4.7639,21.21,20.171,8.8551,0.91057,4.0903,2.0836,0,0,0,8.7503,1.7661,1.3678,0,0,0.96205,0,1.3402,0,0,0.90753,0.61268,0,0.73146,0,2.1534,0,9.423,1.2041,0,1.6082,5.589,4.7532,2.8271,2.5915,1.8783,0,0,7.3059,1.5343,0,0,0,1.1163,14.581,3.1224,1.5054,2.0106,0.76819,0,1.7264,3.047,0.77049,0,1.3994,0.93669,0,0,0,0.6141,2.8849,2.1597,1.2349,1.3107,0,2.8981,1.4875,1.8262,2.5483,0.61409,5.8349,2.097,0,0,4.7701,1.6872,0,0,1.8264,2.2051,0.6968,7.9605,0,8.6799,0,0,0.76157,14.847,5.971,5.1624,1.9367,4.1283,1.4714,3.7278,2.9202,1.6449,4.3791,0,2.0461,2.421,0,5.3482,1.0636,2.3553,8.7986,0,0,2.2298,0.88773,0,0.91344,1.227,1.2639,23.339,5.3047,3.5697,3.8569
0,0,80.955,0,0,0,0,0,0,0,0,0,0,0,0,0,0,0,0,0.87208,0.54976,0.13269,0.85009,52.957,6.966,4.4826,31.095,3.4319,3.439,0,0,0.58219,6.3326,0,0,0,1.1035,0,12.055,3.0655,15.76,0,1.2343,1.2552,0,0,1.0834,45.573,0.8302,0,0,1.5026,0,0,0.53551,1.0188,0,1.566,0,1.1698,0,1.5326,2.4444,0.85083,1.4439,0.46863,7.3018,4.9059,1.752,6.6766,0.93305,0,1.9979,0,0,0,0,0,2.3466,0,1.3679,2.5354,0,7.5716,1.2173,0,0,1.0643,0,0,1.3797,4.6008,0,1.3204,0,0,47.624,4.8849,0.92156,0,1.1361,0,2.166,2.0604,0,4.032,0.69867,1.2998,0,0,0,0.029544,14.228,0.65939,1.0617,1.3178,0.46891,5.004,3.1643,0,0,0.7753,0,0.75073,1.0068,7.9645,0,0,0,0,0,0.40427,2.2282,1.4509,0.38368,1.7626,0,3.1208,0,1.7712,4.5075,21.523,20.479,4.2614,0.41227,4.6441,1.6942,0,0,0,5.94,1.2036,0.85781,0,0,0.67305,0,0.91423,0,0,0.89111,0.55589,0,1.0808,0,21.318,0,4.8518,1.1004,0,1.3831,5.9486,3.2953,4.0384,2.2575,1.7065,0,0,8.1193,1.1087,0,0,0,1.1146,11.678,1.6854,1.6349,2.2354,0.59679,0,2.0047,6.6702,0.55274,0,1.7705,1.2966,0,0,0,0.54918,1.9778,2.7461,0.96897,1.6493,0,2.9358,0.96439,2.3853,2.3178,1.1881,5.669,1.5562,0,0,7.3939,1.5266,0,0,1.4482,2.2367,0.55086,7.143,0,6.8812,0,0,0.6952,7.4287,5.944,3.5342,1.2364,2.3999,0.85534,2.9701,1.7865,0.88163,3.1578,0,1.8457,3.9484,0,9.3273,0.78229,1.6971,9.2587,0,0,3.8849,0.84467,0,0.80631,1.2446,1.2072,9.7694,5.2467,2.716,4.4748
23.541,1.5184,1.2944,65.795,1.3532,1.0743,1.3976,1.0304,1.2814,1.0156,1.1785,18.643,0.99924,1.1803,0.91766,0.71266,0.93632,1.0959,0.87208,0,0.9958,0.062409,12.192,0,0.66203,4.9057,14.178,5.3738,32.722,5.4593,0,0.75796,6.969,0,0,0,20.186,29.528,0,2.1961,0,0,1.2037,1.3064,0,0,1.0117,1.4304,16.491,0,0,1.9173,0,0,1.4684,1.4308,0,1.2571,0,1.0314,0,1.1724,2.3887,0.55066,1.3829,0.4905,5.9227,5.1184,1.5099,8.1474,0.80936,0,3.037,0,0,0,0,0,3.005,0,2.3441,2.8804,0,7.7007,1.801,0,0,1.2501,0,0,0.54063,9.2408,0,1.0841,0,0,9.0949,5.7806,1.0348,0,1.4077,2.36,2.8519,2.8236,0,3.6864,0.64506,2.125,0,0,0,0.038734,22.518,0.99364,1.1536,1.6258,1.1764,3.3215,1.2231,0,0,0.90153,0,0.74447,1.5955,6.2115,0,0,0,0,0,0.46634,4.0476,2.4799,0.4657,1.1431,0,3.8633,0,2.526,6.7636,26.687,22.544,5.3446,0.76752,4.7287,1.5238,0,0,0,6.798,1.3975,1.1465,0,0,1.1677,0,2.2211,0,0,0.98221,0.66291,0,0.99558,0,1.8235,0,6.0285,1.1078,0,1.4813,4.1063,3.7312,3.3244,1.8085,1.4805,0,0,7.519,0.80916,0,0,0,0.80047,14.238,2.8588,2.5441,2.6073,0.5215,0,2.1269,6.0856,0.58002,0,1.5669,1.0264,0,0,0,0.48159,3.8014,2.7222,1.7759,1.7666,0,3.3892,1.7955,2.1617,2.7334,1.124,7.894,1.4995,0,0,7.0777,2.6226,0,0,2.2892,2.94,0.77049,5.8335,0,10.876,0,0,1.015,10.239,3.2018,3.5818,1.3219,3.6475,1.2742,2.4868,1.5336,1.016,3.3882,0,1.8658,2.9773,2.9563,3.2122,0.62793,2.1788,10.352,0,0,2.7331,1.0462,0,1.2307,1.6276,1.5906,16.668,4.2507,3.3515,2.9733
0.92431,0.79393,0.62294,0.71934,17.573,0.88545,0.36337,80.82,0.32412,0.54846,39.901,0.61583,0.56247,0.48936,22.826,0.47747,0.47216,0.5188,0.54976,0.9958,0,0.11719,1.2677,0,0.56127,4.2864,21.734,3.5547,4.2076,0,21.466,0.81999,6.1356,0,18.71,11.981,1.4614,0,0,1.6807,0,0,0.70349,0.70703,0,0,0.84611,1.1736,0.92837,0,0,1.8369,0,15.594,1.5869,1.2107,0,1.1041,0,6.2024,0,1.0671,2.1083,1.0522,0.89132,1.4789,4.8417,4.9446,1.85,8.7094,0.78103,0,3.2666,0,0,0,0,0,2.9306,0,1.5802,4.9121,0,6.7923,1.539,0,0,1.2586,0,0,0.88489,7.0208,0,1.0073,0,0,5.6137,10.721,1.2648,0,2.2214,0,2.88,2.6376,0,3.6606,0.90642,1.5685,0,0,0,0.021905,23.174,0.91689,1.0604,1.5253,1.0229,7.6975,1.9655,7.2715,0,0.75511,0,0.75582,1.5818,3.258,0,0,0,0,0,0.41942,23.303,2.1986,0.64417,2.4085,0,3.5891,0,1.7882,5.4377,22.2,22.817,4.6216,0.67365,3.6552,0.90563,0,41.134,0,4.4381,2.0458,1.1511,0,0,0.81758,0,1.3807,0,0,0.71174,0.40685,0,0.56755,0,2.2652,0,7.8444,1.0831,0,1.4084,6.1614,3.6811,1.8257,2.0584,1.7606,0,0,7.3326,1.6957,4.7689,0,0,0.86587,14.445,2.3001,2.1255,2.3843,0.4608,0,1.4642,4.6154,0.51387,0,1.2757,0.88558,0,0,0,0.60345,2.675,1.9176,1.4029,1.537,0,4.0211,1.6578,1.5194,2.0126,1.0532,6.3625,2.0653,0,0,5.8688,2.5448,0,0,1.5318,3.0082,0.70979,10.669,0,8.708,0,0,0.51472,10.424,4.9229,5.1488,1.1968,3.7578,1.3493,2.9523,1.9504,1.1348,3.8098,0,1.8912,2.942,0,4.768,1.4182,3.2743,5.6652,0,0,4.6196,0.9543,0,0.80497,1.6237,1.53,9.728,4.5779,5.4291,4.4446
5.4041,0.17649,0.15806,0.19933,0.1316,0.097507,0.19112,0.068123,0.17346,0.11782,0.11736,0.11201,0.060072,21.821,0.10589,20.949,0.11668,0.1382,0.13269,0.062409,0.11719,0,2.5229,0,0.68197,4.0234,18.542,4.6205,1.7003,0,0,0.7486,6.0855,15.201,0,0,1.4789,18.521,0,1.6555,0,0,13.46,1.2935,0,0,1.0266,1.294,0.53663,0,24.733,2.6157,0,0,1.0933,1.3478,0,1.0701,0,0.95154,0,1.0292,2.7806,0.65261,1.461,0.55322,21.354,5.0082,1.9206,9.3261,0.89867,0,2.6803,0,0,0,0,0,3.0862,0,2.5384,2.6923,0,10.046,1.743,0,0,1.1748,0,0,3.5306,8.232,0,1.2085,0,0,9.7234,5.7711,1.0781,0,1.1927,0,2.4776,2.971,0,2.7137,0.68052,1.1519,0,0,0,0.043651,21.384,0.94394,1.2143,1.3482,41.853,3.2689,1.4266,0,0,0.82277,0,0.69555,1.5512,5.5473,0,0,0,0,0,0.50072,2.9208,2.8756,0.37518,1.7591,0,4.78,0,2.6446,5.6573,37.108,25.644,4.2074,0.68442,5.5368,1.2846,0,0,0,6.1885,1.3314,0.97143,0,0,0.68381,0,2.5592,0,0,0.75299,0.77625,0,0.82868,0,3.5897,0,5.4574,1.0957,0,1.5642,3.5801,2.8851,2.8619,1.7138,1.4619,0,0,7.5002,0.9823,0,0,0,0.75747,12.565,2.2542,1.7357,2.82,0.56828,0,2.1399,5.7104,0.48654,0,1.2962,1.3984,0,0,7.9005,0.56808,4.1002,2.9416,1.1192,2.2285,0,3.2236,1.7243,2.3315,2.6883,0.98017,6.8974,1.3709,0,0,7.8496,2.1778,0,0,2.112,3.0941,0.787,7.6292,0,10.229,0,0,0.7526,7.6486,3.3825,2.6734,1.0043,3.324,1.1662,2.3883,1.4048,0.79562,3.6934,0,1.824,2.9129,0,3.8368,0.81595,1.852,13.949,0,0,3.3951,1.0924,0,1.3071,1.5712,1.5978,14.652,5.0894,2.9431,3.1411
34.341,1.0546,1.2016,52.996,1.179,1.4925,1.3359,0.6176,1.2967,1.2377,1.0229,1.1997,0.56381,1.1347,1.0981,1.2167,1.1292,0.93953,0.85009,12.192,1.2677,2.5229,0,0,0.66611,4.9776,33.332,2.6427,3.3566,0,0,0.4665,3.7478,0,0,0,1.0565,38.314,0,2.0922,0,0,1.2571,1.6,0,0,0.51008,1.0006,0.67358,0,0,29.651,0,0,1.052,1.067,0,1.2669,0,1.1099,0,1.2417,2.4571,18.346,1.0909,0.52402,8.0715,4.3417,2.3286,5.122,0.67068,0,2.8384,28.393,4.0497,0,0,0,2.4262,0,2.6763,3.663,0,7.4515,1.4292,0,0,0.95208,0,0,1.2267,8.2531,0,1.0503,0,0,5.7803,7.0818,0.8754,0,0.94465,0,2.7995,3.2258,0,3.5856,0.92228,1.4466,44.345,0,0,0.041505,18.393,0.54187,0.97196,0.95187,0.98384,3.8381,2.8309,0,0,13.794,0,0.73956,1.3471,5.9758,0,0,0,0,0,0.37588,2.8541,2.5692,0.84438,2.1118,0,18.23,0,2.0725,3.0073,21.392,25.146,2.8777,0.66427,3.7856,1.5066,0,0,0,6.5129,1.5986,1.0959,0,0,0.71635,0,1.9689,0,0,1.6022,0.51813,0,0.87192,0,2.0833,0,6.5704,1.1116,0,1.6349,7.3446,1.8293,3.8128,2.0444,1.7631,0,0,6.2216,1.19,0,0,0,2.2388,13.703,2.3428,1.868,1.2613,0.42225,0,1.4597,4.6863,0.61165,0,1.5938,0.94772,0,0,0,0.60162,3.8278,2.3404,1.1814,1.9324,0,15.885,16.668,1.9938,4.5889,1.243,3.8431,1.7731,0,0,4.8239,2.377,0,0,2.0183,4.168,0.71962,10.144,0,5.3543,0,0,0.86939,4.7355,5.7709,3.42,1.2187,3.4864,1.2339,2.1224,1.8353,0.79297,2.9912,0,1.4422,2.44,0,4.8249,0.86117,2.0037,12.415,0,0,3.7847,1.302,0,1.0588,1.9326,1.9142,16.806,4.2352,2.4062,6.4371
0,0,27.719,0,0,0,0,0,0,0,0,0,0,0,0,0,0,0,52.957,0,0,0,0,0,0.72951,4.0784,28.494,4.4637,3.2176,0,0,0.60484,5.971,0,0,0,0.95719,0,41.269,1.9722,9.3154,0,1.15,0.60156,0,0,0.9903,12.177,0.8428,0,0,1.3796,0,0,0.99165,1.2254,0,0.64388,0,0.59341,0,0.65514,2.2029,0.80122,1.6689,0.44295,4.4747,2.4909,1.5731,7.9861,0.65448,0,1.8959,0,0,0,0,0,2.7915,0,1.8869,2.4147,0,11.109,1.194,0,0,1.0784,0,0,0.69253,6.1622,0,0.74545,0,0,20.261,5.0315,0.95701,0,1.4172,0,2.023,2.8607,0,3.7707,0.88716,1.5455,0,0,0,0.028054,13.474,0.45137,1.0626,1.248,0.74767,4.7531,1.9722,0,0,0.61601,0,0.51026,0.94788,3.1826,0,0,0,0,0,0.20192,2.1048,2.2345,0.5853,1.4112,0,3.82,0,1.8801,5.8292,33.269,25.269,4.0383,0.82931,5.7851,0.82134,0,0,0,5.8224,1.1793,0.81431,0,0,0.5932,0,1.5123,0,0,0.83291,0.66347,0,0.49115,0,1.9564,0,4.7223,0.71406,0,1.6819,4.5996,2.8058,2.2705,1.7295,0.98517,0,0,5.6531,1.1996,0,0,0,1.315,7.852,2.0877,1.3459,1.6852,0.42117,0,2.214,5.8275,0.46052,0,0.94656,1.6892,0,0,0,0.39958,3.3668,3.506,1.2001,1.4493,0,3.1983,1.3094,2.2786,2.7043,0.95558,7.3699,1.3383,0,0,6.0731,1.4383,0,0,0.99721,2.4704,0.53542,6.7521,0,8.3775,0,0,0.38666,7.7298,5.6474,3.3392,1.1699,4.0835,1.4315,2.1953,1.195,0.57682,4.3938,0,1.3657,3.4793,0,5.6022,0.93817,2.0825,11.53,0,0,2.8437,1.0228,0,0.8961,1.3258,1.5645,16.238,2.5338,3.2806,5.4279
45.267,1.3365,3.3334,0.8677,0.87639,0.69887,0.46565,0.57109,0.49504,0.84596,0.38027,0.7857,0.53412,30.794,0.59085,0.68396,0.77608,0.81877,6.966,0.66203,0.56127,0.68197,0.66611,0.72951,0,2.4399,25.716,3.6465,19.222,31.378,0,0.59923,17.55,0,0,0,6.6302,0,0,13.252,15.887,0,1.0774,1.3442,0,0,57.158,14.767,0.956,0,0,1.1231,0,0,0.85625,0.82051,0,1.1082,0,0.921,30.989,1.1218,2.8488,1.1802,0.76517,0.3186,2.7107,2.7149,1.8228,6.6664,0.9115,0,2.0608,0,0,0,0,0,3.2469,0,1.821,2.5365,17.672,4.2384,1.0918,0,0,1.1745,0,0,0.53269,8.8505,0,0.56444,0,0,10.519,5.0422,0.92446,0,1.2138,0,2.2393,2.5096,0,2.3639,0.80503,1.4966,0,0,0,0.028987,10.461,0.61334,1.1426,1.3857,0.84943,5.5061,2.1598,0,0,0.62978,0,0.75458,0.69121,6.2039,0,0,0,0,0,0.48109,1.5029,2.7197,0.58426,2.0311,0,2.9851,0,1.2134,5.6484,18.732,18.913,3.7656,0.88222,4.5261,1.3756,0,0,0,8.03,1.2307,0.86577,0,0,0.72546,0,2.0303,0,0,0.87472,0.54337,0,1.0202,0,2.3827,0,5.1614,1.1319,0,1.6517,6.0436,4.0736,2.7438,2.7596,1.3749,0,0,8.877,1.1386,0,0,0,1.4294,12.56,2.4089,1.9796,1.7331,0.58605,3.3989,1.1634,7.3655,0.299,0,2.0426,0.68805,0,0,0,0.39652,3.5227,2.3932,1.1123,1.4813,0,2.6694,1.379,1.988,2.2861,0.61588,6.3087,0.97701,0,0,5.3384,1.627,0,0,0.95167,2.6617,0.37092,9.0212,0,7.0636,0,0,0.6841,8.4993,5.9684,2.6803,0.90931,3.6658,1.2688,3.1571,1.1353,0.82259,2.4161,0,1.7148,2.6759,0,5.3469,0.8098,2.2024,10.924,0,0,3.5624,1.0548,0,0.56919,1.4252,1.3959,19.064,3.7851,2.8239,4.0765
7.5874,10.624,9.7431,6.3616,13.379,3.2442,6.252,4.6532,6.335,4.7992,2.946,6.3221,17.129,5.2895,8.1474,4.7983,5.6036,29.824,4.4826,4.9057,4.2864,4.0234,4.9776,4.0784,2.4399,0,19.509,5.0638,4.6727,2.6404,35.037,3.546,8.7727,1.5272,0,0,1.2063,0,0,0.96801,0,20.81,0.89176,0.6672,0,0,1.0561,1.0565,0.79088,0,0,1.0765,0,0,0.89555,0.79456,0,1.7214,0,1.6047,0,1.7476,1.8504,0.81723,1.1127,0.68123,4.0142,4.1391,1.545,8.9924,1.1165,0,2.82,0,0,0,0,13.256,4.1165,6.7567,1.6579,2.856,0,8.1761,0.99121,0,0,27.352,0,8.1204,0.7951,7.7538,0,1.0666,0,0,5.5529,8.4405,1.3961,0,1.44,0,2.3745,2.325,0,2.3913,18.429,1.3171,0,0,0,0.027731,13.934,0.57944,1.7069,1.4122,0.75926,9.0034,1.7556,0,0,0.80088,0,0.69267,0.95979,5.4337,0,0,0,0,6.8178,0.39245,2.4995,1.9216,0.60642,1.4901,0,2.8351,0,1.5717,4.1237,20.789,19.854,6.6628,0.4489,3.4907,8.0385,0,0,0,7.2146,1.9286,1.1906,0,0,0.94144,0,1.2224,0,0,0.99666,0.69407,0,0.86274,0,1.83,0,6.4783,1.0051,0,1.4882,5.05,5.1483,2.8756,1.7738,2.6146,14.966,0,10.347,1.9697,0,0,0,1.3264,9.5594,2.1148,1.8538,1.8239,0.70373,0,1.4998,5.6798,0.83849,0,1.1956,1.0324,0,0,0,0.76234,2.476,1.8541,0.99884,1.3074,0,1.7471,1.3332,1.575,2.8244,1.0561,7.1034,0.95466,0,0,4.1226,2.0573,0,0,1.2838,2.4601,0.36886,6.92,0,7.6088,0,0,0.61333,11.255,4.2515,2.7245,0.92124,4.6578,1.5722,3.0514,2.0255,1.3111,3.1029,0,2.0174,2.692,0,4.3132,1.2319,1.4343,7.4709,0,0,3.0727,0.96608,0,0.73573,1.3475,1.3044,17.783,4.4217,3.192,4.6923
25.558,34.711,43.78,16.621,26.864,35.789,26.637,24.748,25.642,23.595,25.554,26.821,20.874,26.262,16.763,28.908,33.001,22.521,31.095,14.178,21.734,18.542,33.332,28.494,25.716,19.509,0,22.734,15.265,32.175,17.908,12.146,23.143,11.079,15.273,22.236,21.289,24.14,19.871,15.573,28.234,18.785,25.348,21.51,13.737,11.855,20.05,22.246,8.108,11.594,7.1893,12.378,10.323,10.722,10.088,12.933,8.0565,10.11,8.8804,9.7799,9.8133,8.8078,10.062,8.4467,8.3806,6.8662,9.4434,11.277,6.8334,4.6372,5.7868,5.6787,7.1673,6.7572,6.4153,5.9725,13.527,4.9931,5.219,6.7852,8.0023,5.8434,6.9845,12.432,4.9565,5.3878,3.719,3.4425,4.8121,3.1493,9.9431,6.4446,3.4219,5.9244,3.1391,2.0191,6.7184,3.538,1.5905,1.6137,1.4262,1.2333,2.7668,2.3367,1.2836,3.4618,0.67376,0.73176,0.047071,0.039052,0.03286,0.028468,13.641,0.58477,0.68696,1.3881,1.1119,3.9625,1.1811,0,0,0.64236,0,0.77954,0.94479,5.6752,0,0,0,0,0,0.5075,2.118,2.4771,0.49574,1.9183,0,3.0647,0,1.1874,4.7635,36.562,17.959,3.8302,0.62983,4.2064,1.3901,0,0,0,5.5588,0.98362,0.82372,0,0,0.71479,0,1.7173,0,0,0.91096,0.53496,0,0.92097,0,3.3516,0,3.7431,1.1415,0,1.1787,5.3335,3.4962,2.6263,1.6023,1.3069,0,0,5.5351,0.79575,0,0,0,1.2096,8.5458,1.9201,1.8435,1.1906,0.39762,0,1.5907,7.2324,0.43826,0,1.6902,15.026,0,0,0,0.38949,5.1166,3.6325,1.254,1.842,0,2.8983,1.8157,2.954,2.8098,0.89084,5.8369,1.2753,0,0,32.623,1.8452,0,0,1.4009,2.8978,0.33717,6.4874,0,5.8175,0,0,0.49404,8.3839,3.6441,3.1687,1.1124,3.088,1.0839,2.4177,1.3051,0.91101,3.5596,0,1.3536,4.1568,0,6.4483,0.72878,1.6046,8.8052,0,0,2.9467,0.75891,0,0.48675,1.4211,1.2046,12.907,5.8802,3.2868,5.0222
9.8475,8.8109,5.5179,6.4295,6.4716,2.6904,4.8391,6.6603,4.9198,3.7683,4.9931,4.9922,51.675,5.9154,5.9283,3.5831,3.3069,15.512,3.4319,5.3738,3.5547,4.6205,2.6427,4.4637,3.6465,5.0638,22.734,0,3.605,4.0136,3.5272,3.2862,5.4864,1.0141,0,0,0.52855,0,0,1.7047,0,0,1.1241,0.92902,0,17.032,0.68838,0.63428,1.0093,0,0,1.0639,0,0,0.80408,0.7288,37.621,1.0506,0,1.3855,0,1.0634,1.822,0.76321,1.3626,0.5649,3.7735,3.2029,1.4665,8.1408,35.456,0,1.4052,0,0,0,0,0,1.9153,0,2.0382,1.9425,0,5.7988,0.93305,0,0,1.8756,0,0,0.98364,5.4174,0,0.76607,0,12.631,5.1868,7.0863,1.2578,0,1.2127,0,2.1587,2.1907,0,4.3558,0.45622,1.4521,0,0,0,0.035554,12.897,0.55432,0.94873,2.0724,0.60446,7.827,2.1527,0,0,0.73715,0,0.5323,0.90841,6.3739,0,0,0,0,0,0.2864,2.3153,2.0127,0.54065,1.3922,0,2.6756,0,1.5129,3.7821,14.699,14.699,3.8003,0.7629,2.0929,1.554,0,0,0,8.8027,1.2934,1.0619,0,0,0.58512,0,1.1675,0,0,0.93461,0.63613,0,1.2667,0,1.9489,0,5.521,0.75583,0,1.1332,4.7211,2.9172,4.6147,1.433,2.2722,0,0,6.9507,1.7089,0,0,0,1.223,9.1015,1.9719,1.2604,1.7369,0.64361,0,1.6435,4.2302,0.507,0,1.2727,0.76079,0,0,0,0.60779,2.865,2.2332,0.57326,1.2339,0,1.7267,1.255,1.8897,2.619,1.0557,4.6756,2.291,0,0,2.8702,1.7059,0,0,1.2239,2.3288,0.46251,6.5514,0,7.1612,0,0,0.72714,5.3894,6.0935,6.3582,2.2643,6.0232,15.086,9.7359,1.2233,4.2966,2.5809,0,1.1075,2.0054,0,5.1791,1.0692,1.4175,8.9713,0,0,2.7084,0.71367,0,0.70481,1.2754,1.2472,23.283,3.2804,2.7863,3.601
