0,49.949,1.4335,52.487,4.309,2.3418,28.057,44.669,2.1169,26.285,0.60441,5.6189,6.1527,0.44523,1.5885,0.85019,0,1.8333,2.9922,1.9266,2.3614,12.152,6.839,14.833,5.8643,13.125,1.0857,3.3574,2.4851,2.6742,0.81218,2.2322,8.5211,6.5818,5.424,3.4329,3.3356,47.058,0.96291,14.373,0,0,10.759,0.18287,2.6798,2.7529,0.76044,0,14.965,0.66439,1.2015,0,21.194,18.295,30.703,5.1114,1.7255,17.766,94.619,0.72741,12.607,3.8406,3.1712,0.55373,0.9398,2.5208,3.8027,1.5992,2.9789,6.5503,1.861,0,2.3922,4.6214,2.1406,2.1092,0,3.4041,4.3208,2.7278,2.7835,19.656,40.165,78.03,12.125,2.855,8.3005,4.8126,8.9385,0,11.963,0,8.1271,0,14.153,14.696,5.2303,7.5771,7.1366,9.1562,9.3031,1.7941,0.84669,8.2926,3.8623,7.5946,24.152,2.5112,6.1352,0,7.8431,0.82841,2.7154,0.29676,4.61,3.9481,15.667,10.08,0,4.7392,1.9376,3.9922,3.5378,0.21916,1.5236,0,5.9254,0,7.2734,0,1.3535,2.9582,10.735,14.339,2.9293,0.85838,0.37004,3.3512,4.1072,0,39.051,1.1736,0.39054,0,0.33442,0,3.404,0,4.8394,0.82834,3.4986,11.609,0.93547,0.99881,1.0602,3.779,9.9344,3.4995,0,4.2124,1.1691,14.353,0,3.9468,0,0.80215,0.54034,3.1331,15.194,10.074,0,3.3113,0.88777,2.3305,6.511,9.6077,4.4069,0.74753,2.6111,2.6059,5.437,7.3505,2.3904,5.62,18.833,14.614,3.4072,3.1,2.9915,18.782,0,4.8,0,2.4369,8.7371,2.6496,0,3.3314,3.8224,0,1.3803,0,0,0.78167,12.781,14.61,4.6094,0,2.2509,0.21217,6.3464,0,3.772,4.2143,3.2257,3.9111,5.1795,7.2686,0,8.2696,7.3476,0.70985,5.0818,6.9298,19.851,7.6563,4.4862,5.3288,5.3241,8.0678,2.9985,9.0573,0.4746,2.8464,0.67808,9.854
49.949,0,15.236,106.12,4.0646,2.2272,23.636,42.021,24.271,18.723,0.61217,3.1205,4.4367,93.311,1.467,68.532,0,3.2446,1.0029,2.138,2.0954,11.362,5.8633,8.7635,4.2389,9.791,0.71222,2.8002,2.2158,0.89718,2.1743,1.8721,4.5041,4.349,4.6985,2.6066,4.2446,8.8325,0.70644,12.336,0,0,41.606,0.17505,2.0836,1.692,0.70873,0,11.851,2.6998,1.1354,0,12.438,6.7669,5.8527,4.1259,5.0203,14.485,17.064,1.0787,9.6066,2.7832,3.0035,0.54759,3.0078,2.0022,14.32,1.117,2.6983,5.4186,1.1902,0,2.5528,6.5081,1.309,1.4117,0,3.8156,5.4916,71.937,2.4641,15.263,2.5957,52.056,13.97,2.1059,5.6014,4.109,8.2901,23.107,9.4707,0,2.5477,0,17.141,10.256,5.27,6.1007,4.2758,27.235,6.6053,1.4692,3.2115,6.3235,2.8163,5.8335,19.692,1.8691,6.8369,0,6.8105,0.78765,2.4205,0.86594,5.2278,3.2989,12.826,6.0395,0,3.9014,1.8831,3.2125,2.8813,0.56097,2.6442,0,7.8994,0,4.7241,0,1.3177,4.1792,7.6292,13.557,2.4452,3.7954,1.4252,3.1408,3.3544,0,2.3678,1.4233,0.17547,0,0.21918,0,2.7828,0,7.8866,2.8302,2.2462,11.521,0.90897,0.99119,44.585,2.8333,9.9474,3.0184,0,3.7229,1.5218,15.753,0,3.1059,0,1.4033,0.44258,3.8061,12.109,10.705,0,3.2029,1.0291,2.667,7.7783,9.3757,4.0576,0.32634,5.661,2.5999,3.9784,4.4603,2.0509,4.1962,2.2051,9.6074,2.4846,3.5855,1.1852,12.121,0,3.3042,0,1.9453,6.8418,3.5303,0,3.4856,2.6124,0,1.3302,0,0,0.52145,8.6312,11.726,3.2175,0,7.0802,0.2743,6.5193,0,1.6162,3.6841,3.2715,3.0708,4.3591,5.983,0,6.5833,3.2314,0.36523,5.723,4.9107,14.284,5.9292,3.8538,3.3733,4.7749,4.8512,3.4052,9.9763,0.36972,2.55,1.6094,8.0913
1.4335,15.236,0,58.505,33.013,35.508,1.2713,39.439,39.833,21.391,0.97146,2.5342,23.229,0.70721,0.58393,1.4599,0,2.4254,2.5416,2.4389,0.83608,9.9316,6.0118,12.086,62.523,5.5886,1.8437,2.751,2.1994,1.0644,1.513,1.7196,3.2104,9.7904,3.8487,1.4566,4.7791,7.7252,0.82413,8.8276,0,0,8.4579,0.15589,1.4982,3.0374,6.804,0,11.898,1.8883,0.96796,0,5.6405,10.497,8.3789,4.979,3.2955,12.206,8.8123,1.7858,11.65,1.6722,2.68,0.35385,2.006,17.276,8.5305,1.5035,2.0063,4.5173,2.7595,0,1.9913,4.752,33.404,1.0148,0,7.8335,5.3071,2.1532,1.96,18.157,1.7601,65.678,14.769,3.0442,5.03,1.8644,7.6482,0,10.832,0,5.7328,0,14.012,10.173,5.8808,5.7273,8.3841,18.144,8.7443,1.2182,2.0039,8.0974,3.2882,6.563,14.29,1.8089,5.8006,0,7.157,0.35049,2.4836,0.56979,3.9554,35.223,11.808,9.8191,0,3.6721,0.85932,3.5131,19.407,0.49162,2.7905,0,6.5776,0,3.4201,0,1.1503,6.6807,12.072,15.586,2.3168,2.2789,0.50244,1.6937,2.832,0,1.7511,0.97042,0.15153,0,0.10133,0,3.312,0,5.2901,2.1982,4.0614,9.1777,0.39778,0.69526,0.80848,1.9797,7.7483,2.9881,0,3.3337,2.6986,12.856,0,3.514,0,1.699,1.0531,2.6555,17.342,7.5935,0,2.8001,1.9632,1.626,6.1954,9.5443,4.1033,1.3048,8.4624,2.2269,2.5119,8.3395,1.8448,3.8424,2.3587,10.534,1.8031,3.557,1.557,17.714,0,2.6923,0,2.6669,9.7954,2.533,0,2.5322,1.862,0,1.1754,0,0,1.8549,9.3752,11.298,2.4576,0,5.5925,0.52422,5.8533,0,3.5541,4.166,3.8703,3.0048,3.091,6.5586,0,7.7362,2.6434,0.60742,12.64,5.7182,13.298,5.3943,1.2514,2.9853,3.6391,8.6618,2.8356,6.2976,0.11266,1.8174,2.9471,10.371
52.487,106.12,58.505,0,21.221,69.047,38.292,38.193,19.975,88.38,1.0103,1.8641,30.516,0.79436,27.825,1.5976,0,2.7737,5.0535,1.8397,0.90638,10.434,2.5966,7.257,4.3456,10.289,1.5365,25.584,0.91805,0.8607,1.5281,2.0303,3.7195,8.8228,4.2143,2.4254,5.358,3.2361,0.70306,9.1067,0,0,9.7993,0.1621,1.5411,17.02,0.38504,0,11.96,2.0279,0.95479,0,6.4454,12.087,8.953,4.4129,3.6073,20.848,6.692,1.827,9.2374,2.7077,2.3631,0.39923,2.1329,1.9332,8.7858,28.657,1.9214,3.9508,1.1451,0,2.0528,5.1574,1.2871,1.1765,0,6.3004,4.3826,2.3103,1.0173,15.056,1.897,51.262,12.175,1.0642,5.6158,1.7132,6.8409,0,10.09,0,2.1852,0,16.3,9.1109,4.8707,5.0121,4.2317,20.655,2.8494,1.7957,2.1976,2.5004,1.1288,5.9292,17.893,1.9135,5.8021,0,4.2234,0.68676,2.4845,0.63184,3.9462,3.2902,12.051,6.0454,0,1.7324,0.94148,2.9632,2.7143,0.50974,2.5237,0,5.8997,24.952,3.7517,0,1.0256,6.4198,10.742,12.326,1.8202,2.4645,0.49658,2.9943,1.3409,0,1.6584,1.0628,0.14928,0,0.22342,0,1.0424,0,6.1281,2.2789,2.0554,8.7898,0.82483,0.57742,0.71447,2.2727,8.0169,2.8716,0,1.3597,2.745,12.251,0,1.873,0,1.8366,0.85443,2.9952,10.297,7.6599,0,3.0036,2.3899,1.8269,5.9428,7.7909,3.7729,1.2803,6.829,44.3,4.029,4.1684,2.0457,4.2031,2.1101,9.8669,2.4806,2.9174,1.1744,11.416,0,2.638,0,0.60611,6.2092,1.7086,0,2.4566,2.1573,0,1.226,0,0,1.8619,10.833,7.2528,1.4721,0,5.8492,0.4548,5.4005,0,3.2531,1.2668,4.3499,2.7713,4.063,5.9747,0,8.3127,4.1346,0.69878,12.019,5.7412,5.5622,4.8171,3.7458,3.6671,3.1559,8.7315,3.1077,6.7666,0.37762,1.1596,2.835,6.9253
4.309,4.0646,33.013,21.221,0,10.381,1.1433,27.049,1.5746,20.082,0.85012,2.4961,3.0203,0.5978,0.48944,1.2991,29.576,1.8252,2.3063,2.6876,0.74806,3.9281,5.6985,9.6399,70.706,6.3939,1.7809,2.5181,1.9704,1.2152,1.4238,1.4631,2.4793,9.7269,3.523,3.4773,3.6039,7.4717,0.77337,7.6221,0,0,6.8538,0.12262,1.145,2.4127,0.75616,0,6.1446,1.6919,0.99633,1.1786,4.6871,8.7808,6.1257,5.3016,2.7448,9.1519,10.201,1.6654,7.5389,10.492,2.2367,0.27145,1.7732,1.1127,7.2552,1.1171,1.6231,4.2405,2.694,0,1.8907,3.4438,1.34,1.1899,0,7.0106,4.4598,1.9338,1.6224,13.082,1.517,15.019,13.115,2.3889,22.254,1.9856,7.6423,0,9.0413,0,5.5887,0,11.431,8.8576,5.4053,3.6317,32.441,14.251,8.004,0.88405,1.7103,7.1607,2.8316,5.8149,13.422,1.9196,5.7555,0,6.5511,0.72727,2.1751,0.45271,3.3823,3.3384,9.3458,8.0772,0,3.0406,0.6385,3.0201,3.1839,0.43956,2.6985,0,5.4205,0,2.4872,0,1.1564,5.7743,11.05,11.049,2.0712,1.9872,0.46117,1.0984,2.4556,0,1.4956,0.83315,0.15222,0,0.15534,0,2.8162,0,4.0227,1.6705,1.8492,7.9679,0.3996,26.022,0.58487,1.4343,5.9149,2.5515,0,3.0325,2.3794,11.799,0,2.7967,0,1.3751,1.0511,2.0071,16.417,6.533,0,2.5761,1.542,1.2985,5.096,5.0777,3.8904,1.2149,7.1232,1.7815,3.9864,7.563,1.5849,3.5915,2.013,5.4262,1.5378,3.1459,1.7931,12.579,0,1.9508,0,2.1247,8.9661,2.8633,0,2.4165,1.438,0,1.0907,0,0,1.8085,7.3961,8.2836,2.8188,0,6.1716,0.46161,5.287,0,3.1747,3.8922,2.8813,3.2898,3.1419,4.914,0,8.1455,3.0001,0.45656,12.527,5.5258,10.843,4.3316,3.7512,2.9233,3.0793,6.9892,2.1018,4.7978,0.1683,1.4528,2.6194,10.906
2.3418,2.2272,35.508,69.047,10.381,0,1.0866,28.632,87.108,49.921,0.74282,2.1898,49.438,0.53886,4.2699,1.1912,0,1.5709,2.1827,2.18,0.68858,7.2223,4.6543,7.9375,4.0519,6.055,1.605,7.5538,1.6991,1.1604,1.2914,1.2792,2.1927,8.7755,2.8405,1.566,3.0351,7.3168,0.66801,6.5835,0,0,6.0445,9.5045,0.98014,2.4688,0.66457,0,5.4616,1.5606,0.7115,0,4.5117,8.2711,5.5106,3.3564,2.3963,9.286,9.7213,1.5504,10.718,1.8421,1.9542,0.23238,1.5786,49.84,6.3797,0.97375,1.3979,3.7071,2.7011,0,1.4695,2.9613,1.825,0.6423,0,5.9509,3.785,1.6044,1.6506,13.514,1.3725,51.778,10.864,1.8881,5.3555,1.8844,6.8971,0,9.5268,0,5.4499,0,9.5249,7.2867,4.4648,4.0532,5.935,12.262,7.2356,0.75689,1.515,6.7458,2.5625,6.3526,13.615,1.9357,5.0162,0,5.3107,0.25101,1.7517,0.38805,2.9195,2.8986,8.9621,7.9668,0,2.8161,0.55655,2.4814,2.5928,0.38789,2.3122,0,4.6896,0,2.1446,0,1.043,4.9705,9.2716,11.551,2.0268,1.7836,0.41948,0.84125,2.4707,0,1.3238,0.71064,0.14325,0,0.12403,0,2.9177,0,3.4662,1.4192,1.5227,6.9118,0.37605,0.90345,0.52879,1.2329,5.034,2.5773,0,2.8785,2.2229,10.39,0,2.1574,0,1.1672,0.91935,1.6911,10.984,5.6422,0,2.3394,1.362,1.1335,4.3129,8.2207,3.7749,1.0836,6.293,1.8786,3.6037,8.0949,1.5881,3.4344,1.7797,4.1648,1.5146,2.6259,1.7117,14.829,0,1.671,0,1.8164,8.1053,2.4536,0,2.1823,1.2718,0,0.98697,0,0,1.6679,6.6708,7.4369,2.4784,0,3.9512,0.38584,4.542,0,2.7278,3.0807,2.4042,3.0394,3.6104,4.2178,0,3.0496,2.8644,0.39564,11.471,5.0916,9.7279,3.9968,4.0701,2.9619,3.0257,6.925,1.8478,4.1751,0.15838,1.413,2.4223,8.5669
28.057,23.636,1.2713,38.292,1.1433,1.0866,0,25.934,1.2319,14.224,0.3939,1.8761,3.3519,21.895,0.88261,42.858,0,2.3836,1.7527,1.2973,15.624,6.7424,3.821,8.9483,3.4228,7.366,0.65568,1.9921,1.4578,0.8011,1.3805,1.4609,2.7247,3.9778,3.3338,1.8221,2.6095,6.8464,0.49063,8.7342,0,0,8.2389,0.103,1.3342,1.5115,0.42601,0,7.6795,2.1503,0.74563,0,4.0179,4.3625,7.6852,2.7693,2.9358,11.301,14.512,1.8501,6.4033,2.0237,1.8037,0.35209,1.8031,1.3005,3.9693,0.97278,1.6803,4.3218,1.1212,0,1.6489,4.0457,1.2858,1.3625,0,2.6247,4.274,2.2597,1.4679,10.039,1.7741,37.572,10.92,1.689,3.9829,3.0373,5.7225,0,6.1932,0,4.1277,0,9.3911,8.0157,3.3591,4.7935,3.793,16.042,4.9855,0.97068,1.8792,4.4374,2.1164,3.8726,14.064,1.2592,3.8024,0,4.7187,0.4599,1.6498,0.49883,3.3434,2.0604,8.7805,6.0752,0,2.5975,1.1157,2.1503,1.8807,0.35592,2.1773,0,6.1486,0,2.9146,0,0.90055,3.2896,6.0517,7.8458,1.5888,2.3853,0.36552,1.8107,2.0805,0,1.7383,0.82406,0.25357,0,0.17521,0,1.7936,0,5.3239,2.2081,1.8473,7.4885,0.62137,0.72569,0.67439,2.4428,7.7608,1.7701,0,2.268,1.0643,10.207,0,2.3097,0,0.85666,0.42105,2.3081,7.9616,6.5204,0,2.5337,1.7046,1.6025,6.1179,6.7476,2.428,0.5939,3.8637,1.4871,3.0152,4.4146,1.3312,2.7857,2.2056,6.9947,1.9324,2.7355,1.8955,9.7346,0,2.1221,0,1.3939,4.6222,2.0704,0,2.22,1.5803,0,0.94712,0,0,0.79102,8.8508,7.6526,2.6264,0,4.2711,0.20632,4.0962,0,2.4119,2.2873,2.0091,2.0113,2.693,4.1804,0,4.2876,5.1932,0.49973,11.06,4.5739,11.679,4.189,2.3308,2.2963,2.8456,4.8469,2.619,6.4638,0.23675,1.4941,1.1082,5.2961
44.669,42.021,39.439,38.193,27.049,28.632,25.934,0,17.414,14.298,11.826,7.7048,10.933,3.4652,46.837,2.6887,0.26257,1.2373,2.0268,35.773,0.98732,30.553,4.432,6.2971,2.5582,3.938,1.3117,1.6386,1.5751,1.0869,1.2466,1.2223,2.98,7.0354,3.1656,2.6399,2.3263,6.521,41.1,7.0478,0,0,5.4949,5.493,1.0263,1.8699,0.43444,0,11.737,1.6112,0.78157,0,4.204,7.9375,4.1524,2.7594,2.2756,7.2682,8.5163,1.5259,3.4391,1.8637,1.0172,0.19712,1.5838,1.6852,3.6337,1.6112,1.5153,3.0247,1.8754,0,1.611,3.2894,1.7393,0.81717,0,5.4693,2.3961,1.7738,1.5466,13.449,1.4018,34.572,6.499,1.3364,2.1324,2.2724,3.9866,0,9.8562,0,4.4558,0,8.3712,7.889,3.3718,2.9467,4.9975,10.618,5.3996,0.95398,1.4813,5.6009,1.5137,5.8437,5.2954,1.2756,4.2552,0,3.1378,0.42541,1.587,0.34816,3.1824,1.9572,7.5575,9.4205,0,2.1385,0.78877,2.6384,2.3222,0.38235,1.7707,0,2.8684,0,2.4368,0,0.83875,3.1759,6.1372,4.1472,1.2512,1.807,0.28732,2.5965,2.5039,0,1.4591,0.74072,0.16328,0,0.18432,0,2.4227,0,2.8939,0.99697,1.9336,5.2522,0.47523,0.61669,0.36078,1.4275,3.5107,20.039,0,2.0343,2.2626,8.0467,0,1.5151,0,1.0645,0.71595,1.3585,8.0709,6.0944,0,2.2153,1.1688,1.0512,3.0668,6.8936,1.1785,0.80255,4.0996,1.418,2.6667,7.1497,1.4464,4.8086,1.2808,6.6669,1.3475,1.673,1.4529,6.5379,0,1.7295,0,1.1375,4.4661,1.7849,0,2.0034,1.6191,0,0.68044,0,0,1.3574,5.9767,4.8849,1.8058,0,3.6706,0.36296,3.3404,0,2.6056,2.7772,1.7759,2.6634,2.4388,4.48,0,4.6276,2.733,0.30652,8.9887,2.9111,4.6433,4.184,3.1037,1.2151,1.9047,6.8939,1.4819,3.5861,0.25727,1.2348,2.4789,5.3685
2.1169,24.271,39.833,19.975,1.5746,87.108,1.2319,17.414,0,46.227,0.65359,1.8154,65.451,0.48891,16.292,1.0166,0,1.6601,33.022,1.7472,0.59923,6.7058,3.6524,7.8808,3.3661,4.0196,1.2497,23.081,1.4247,0.7625,1.0151,1.236,2.3013,6.5938,2.6714,1.0435,3.2031,2.9996,0.51571,5.7441,0,0,5.7764,0.10945,1.0077,11.021,0.37292,0,8.8629,1.2803,0.63488,0,4.2151,7.4797,5.9061,2.9638,2.1672,6.2795,6.3126,1.2056,6.1831,2.2336,1.8391,0.23428,1.3255,1.4629,5.6914,17.772,1.5234,3.042,1.0821,0,1.3258,3.3826,2.4713,0.72749,0,4.8798,3.2894,1.4377,0.6701,10.974,1.1635,43.59,9.5202,1.9135,4.4128,1.3358,5.137,0,8.003,0,4.0577,0,8.9175,6.3423,3.8803,3.5309,4.0347,12.045,2.9847,1.1504,1.3235,2.3795,1.2089,4.5561,10.541,1.3731,3.5633,0,3.3294,0.45335,1.6005,0.37135,2.5769,2.1921,5.1593,8.1915,0,1.682,0.61602,2.1607,2.1142,0.32355,1.8909,0,4.1933,0,2.4518,0,0.74436,4.2787,7.8735,8.0144,43.861,1.4999,0.37323,2.0141,0.9753,0,1.1473,0.61729,0.10858,0,0.19826,0,0.90379,0,3.5239,1.3783,2.7849,5.8511,0.54584,0.57989,0.60205,1.4192,4.8692,1.9826,0,0.98954,1.8433,8.1524,0,2.1552,0,1.086,0.66626,1.7418,8.5073,4.87,0,1.8592,1.3675,1.0639,3.8556,8.216,2.3461,0.91608,5.6491,1.6964,1.7785,2.7404,1.3277,2.9776,1.539,7.6191,1.8642,2.249,1.1154,10.341,0,1.7326,0,1.9111,5.1614,1.8145,0,1.6316,1.3348,0,0.79002,0,0,1.2614,6.4961,7.7749,1.7605,0,3.5456,0.32302,3.6832,0,2.2558,1.1945,2.561,2.3054,2.838,4.3638,0,6.1884,1.8937,0.42438,8.4212,4.0133,9.7692,4.2979,1.1945,2.7661,2.7943,6.233,1.9321,4.1605,0.2444,1.293,1.9701,5.777
26.285,18.723,21.391,88.38,20.082,49.921,14.224,14.298,46.227,0,8.4261,7.353,29.405,1.9002,33.576,1.1833,0,1.7073,1.5498,2.028,1.0327,8.6256,3.453,6.3104,2.7765,16.714,0.97733,33.031,1.2815,1.1292,1.0627,1.3811,3.9919,5.2227,1.6825,1.7209,2.2958,5.6296,0.28272,7.1985,0,0,5.0557,0.087614,0.78623,42.198,0.43246,0,9.6639,1.5333,0.61964,0,5.1365,9.5293,4.6104,3.8261,1.9591,10.197,9.8244,1.3532,7.489,1.8961,1.3365,0.24978,1.581,1.5457,7.3273,5.0103,1.8997,2.3119,1.8979,0,1.3786,3.1543,2.2819,1.1395,0,4.4166,2.4087,1.1561,39.849,15.375,1.5187,31.655,4.3997,1.1558,2.9433,2.7113,2.4415,0,9.4414,0,3.9524,0,10.523,5.8276,2.6682,2.683,4.1478,10.05,4.2604,1.1217,1.6551,4.394,0.96111,4.7459,11.146,0.74922,4.3405,0,1.9606,0.57968,1.9145,0.31831,2.3954,2.0008,8.4585,7.4913,0,1.4316,1.1455,2.2187,2.3346,0.29239,1.3254,0,3.1082,0,2.4332,0,0.63216,4.0802,6.8491,6.807,1.5262,1.8844,0.25553,2.5084,5.029,25.138,0.84429,0.75831,0.19881,0,0.14233,0,2.0242,0,2.8306,1.2241,2.1886,5.4249,0.57217,0.61424,0.49074,1.2985,4.2899,1.512,0,2.2002,2.2312,7.4629,0,1.3131,0,0.92183,0.53354,1.7434,11.264,4.1901,0,1.2776,1.1243,0.9473,2.6493,6.4397,1.9423,0.63827,6.0457,9.0898,9.9702,10.76,1.1649,3.0696,1.7451,5.6216,1.7791,1.1545,1.4311,7.2045,0,1.9925,0,0.83,2.5228,1.9288,0,1.7547,1.5725,0,0.49874,0,0,1.0603,5.7966,6.3521,1.9179,0,3.1742,0.29008,2.6042,0,1.9733,2.2061,2.2386,2.7635,2.6711,4.1252,0,6.0238,2.644,0.30407,6.8059,1.6499,8.0241,3.3105,3.2131,2.6326,1.635,3.8983,1.734,3.4906,0.2862,1.8378,2.3967,3.1865
0.60441,0.61217,0.97146,1.0103,0.85012,0.74282,0.3939,11.826,0.65359,8.4261,0,20.198,3.0502,0.54164,0.64233,1.0908,0,1.8671,1.5647,1.2612,1.2068,4.8357,3.9619,8.8449,2.7471,6.0604,1.2681,1.3656,1.4578,1.1203,0.62036,1.2695,11.618,34.526,2.9827,1.7745,24.83,4.8638,0.3762,8.6317,0,0,6.209,0.075742,1.0135,1.1536,0.3573,0,6.3243,0.76593,24.637,0,1.8796,6.2697,5.1581,2.5109,3.2231,7.6992,10.078,0.76503,4.6912,1.948,1.6537,0.28941,0.78454,1.132,6.8638,1.0113,1.51,3.6203,1.19,0,1.8973,3.0412,1.3651,1.3782,0,4.5027,4.7419,1.7505,0.99886,7.6079,1.2166,31.115,8.6821,1.8449,3.3517,3.2641,5.5938,0,4.8661,0,2.5718,0,10.688,8.2583,11.552,4.9621,3.2245,18.45,4.846,0.83256,1.6973,3.9864,1.9134,3.2978,9.9527,0.95467,4.5561,0,3.8006,0.37308,1.6107,0.56174,3.5273,1.6624,6.1487,4.7341,0,1.7174,0.92474,2.1044,1.5652,0.18058,1.5708,0,5.408,0,3.6328,0,17.229,6.2671,5.2962,5.8143,1.1106,1.7716,0.24221,1.3099,1.4813,0,1.238,0.99309,0.11009,0,0.14221,0,1.5026,0,3.2734,1.6079,1.5882,8.7201,0.60016,0.60088,0.31674,2.0533,4.1676,1.4185,0,1.4006,1.6819,12.66,0,2.1482,0,0.67801,0.80949,26.331,6.8725,7.1217,0,2.0547,1.286,1.2338,5.0538,5.1951,1.9468,0.95016,6.0891,1.0493,2.1506,2.7784,0.96148,2.2907,1.6592,5.022,1.2572,3.3845,2.4092,8.1965,0,2.9724,0,1.2273,3.8407,1.5549,0,2.2634,1.212,0,0.42707,0,0,1.3966,5.6757,4.4089,2.6796,0,2.1077,0.51369,4.5166,0,2.4908,2.0366,2.8253,1.6832,2.1912,3.6472,0,3.5736,3.8479,0.37826,5.8631,3.2755,8.6888,2.9331,1.8703,1.9498,1.8942,4.3758,1.5062,4.1742,0.17328,0.95987,1.211,4.5413
5.6189,3.1205,2.5342,1.8641,2.4961,2.1898,1.8761,7.7048,1.8154,7.353,20.198,0,1.3847,0.77325,0.60681,1.5795,0,10.99,0.90292,1.3004,1.1491,4.2541,3.0664,6.8906,1.804,2.4791,0.53655,1.0997,1.0841,1.1841,31.901,1.1526,4.0779,3.3189,2.7625,1.1907,14.681,2.6028,0.36289,8.2649,0,0,8.8756,0.059998,1.1945,1.1993,0.32339,0,5.7677,1.8462,0.8724,0,4.3794,6.4213,3.8045,3.1487,21.801,5.3421,5.0192,1.5716,4.5882,1.0717,1.3157,21.805,35.075,1.0227,4.598,1.4115,1.0361,3.149,1.2354,0,2.0369,39.581,1.2944,0.97491,0,3.9611,1.4127,1.9453,0.97157,9.6708,1.3249,22.058,8.6974,0.84042,1.8065,2.5555,5.8268,0,6.1557,0,3.5998,0,9.6839,5.9781,4.3556,3.7136,3.0968,16.633,2.1375,1.0443,2.3146,2.2193,0.78154,3.856,5.4302,0.92261,5.2707,0,2.0568,0.32753,2.0068,0.63929,6.848,1.2112,4.4706,4.6405,0,1.3377,0.72675,1.5505,1.4451,0.38479,1.7853,0,4.2179,0,2.904,0,1.0361,6.9295,5.5424,5.0623,1.0557,2.7698,0.18383,1.1721,1.4282,0,1.5744,1.1849,0.11512,0,0.10128,0,1.1651,0,4.2957,0.75832,1.5834,7.9394,0.52344,0.29711,0.33007,1.8618,4.934,1.3649,0,1.3299,1.7009,9.762,0,0.99988,0,1.3419,0.35786,2.631,8.2715,9.6243,0,2.1552,1.2385,1.3791,4.5949,3.7791,1.5517,0.36528,3.4731,0.97135,1.5201,5.3174,1.2319,2.6302,1.835,3.79,0.67996,2.0477,1.0403,4.2397,0,2.4123,0,0.85624,3.5567,2.3849,0,2.7047,2.6017,0,1.142,0,0,0.74754,8.0681,4.3137,1.118,0,6.0918,0.18818,3.8126,0,1.9394,1.826,2.5164,1.5825,1.6054,4.5525,0,4.4127,1.9605,0.32602,5.0003,3.3027,4.3939,2.7106,1.7417,1.8402,1.8409,4.2696,2.0069,5.7079,0.16881,0.88954,1.9394,4.3678
6.1527,4.4367,23.229,30.516,3.0203,49.438,3.3519,10.933,65.451,29.405,3.0502,1.3847,0,1.7009,22.753,1.0483,0,1.4956,1.5082,12.048,0.87343,8.1052,3.9294,8.5586,12.011,2.3887,0.92183,10.792,1.4353,0.64534,0.95925,1.2505,2.6717,4.8198,2.4609,1.7531,2.8232,4.089,0.56814,6.4594,0,0,6.2358,0.11893,0.84713,13.974,0.42738,0,10.191,1.3283,0.56503,0,4.184,7.884,4.5826,3.6341,2.3577,9.4548,4.3925,1.1583,8.1635,0.9072,1.4751,0.21976,1.4338,1.5888,4.7471,1.6338,1.1793,2.0311,2.1343,0,1.2498,2.8628,7.4112,0.75413,0,4.9862,2.1769,1.1914,1.5906,10.098,1.2722,30.774,6.0436,1.6227,3.1925,1.5006,3.6147,0,45.768,0,2.8286,0,9.6024,5.4097,2.4325,2.4326,2.321,12.2,4.211,0.96071,1.4556,4.4121,1.8044,4.9066,5.7845,1.5078,3.0423,0,3.3123,0.38696,1.7726,0.37429,2.1637,1.9924,6.9284,6.3212,0,0.94583,0.76146,2.091,2.3207,0.3263,1.211,0,2.7628,0,2.0992,0,0.59435,3.6921,5.2908,10.355,1.2866,1.6424,0.22067,19.492,1.2378,0,1.0537,0.67988,0.1378,0,0.14284,0,2.2056,0,3.2942,1.0906,1.8599,5.049,0.36175,0.60837,0.40928,1.2707,3.8063,2.6007,0,1.5169,1.8652,7.0208,0,1.7991,0,1.1194,0.49819,1.5564,10.899,5.2982,0,1.5011,1.4046,1.0725,2.805,7.1517,2.8109,0.56189,3.7779,1.2989,2.4311,6.667,1.6498,2.8522,1.1803,5.7118,1.1227,1.4762,0.87164,7.0152,0,1.4661,0,1.3253,5.0407,1.0827,0,1.6015,1.4154,0,0.62006,0,0,0.94612,6.6973,4.8772,1.0647,0,3.8296,0.35759,3.0821,0,2.2721,2.5506,2.1161,2.6923,2.6029,3.7872,0,4.693,1.6684,0.40273,6.2276,2.7251,6.9951,2.9968,4.1233,2.3712,2.0925,6.0856,1.7311,3.8546,0.26275,1.4862,2.0413,5.3701
0.44523,93.311,0.70721,0.79436,0.5978,0.53886,21.895,3.4652,0.48891,1.9002,0.54164,0.77325,1.7009,0,0.57132,16.751,0,11.914,1.3705,0.87347,0.68934,4.2684,2.9868,6.2674,2.2587,5.4812,1.0326,1.192,1.1192,1.2319,0.59259,1.0424,3.3029,6.5814,2.6442,1.5173,3.1314,4.8184,0.3937,8.5811,15.719,0,5.5141,0.064825,1.5442,1.0236,0.28946,0,5.7772,0.72289,0.69463,0,1.7504,6.4956,5.498,2.0097,1.1757,6.8659,9.9931,1.3563,4.3097,1.7087,1.1891,0.2923,0.73542,1.0111,16.003,0.97804,1.3603,22.906,1.0989,0,1.4577,2.6919,1.1654,0.94148,0,3.4677,4.1473,26.791,0.91431,6.8504,1.3929,25.602,6.7028,1.4771,2.7498,2.7434,5.9769,0,4.2827,0,2.6146,0,7.5636,6.9985,2.9854,2.8286,2.7685,6.2164,4.0299,0.68253,0.72213,3.5377,1.6094,2.9762,8.5292,0.85357,2.9756,0,3.0379,0.30184,1.2134,0.20857,3.6948,1.3939,5.3696,4.2642,0,1.5401,0.71869,1.6659,1.344,0.38615,1.3084,0,3.1613,0,4.3084,0,0.52778,3.1478,4.2584,4.9935,1.13,2.677,0.23415,1.1356,1.3833,0,1.4636,0.37078,0.24521,0,0.11776,0,1.3313,0,4.2754,21.318,1.3116,6.1971,0.45142,0.48137,0.41231,1.2293,29.925,1.253,0,1.2915,1.8119,8.3056,0,1.6289,0,1.0353,0.60837,1.5465,5.6817,5.5658,0,2.1598,1.1663,1.5462,4.2062,4.3951,1.5253,0.95353,8.5179,0.91156,1.8425,3.7137,0.87436,2.122,1.9608,4.4575,1.1465,1.7666,1.698,6.6567,0,1.7363,0,1.0486,3.2026,1.3775,0,2.1044,2.1007,0,0.40307,0,0,1.5094,6.2806,4.2381,1.9704,0,1.9306,0.35539,3.1509,0,1.8341,1.6703,2.2003,1.4338,1.818,2.9377,0,3.017,3.4563,0.31884,10.625,3.6023,9.2136,2.542,1.6351,1.8037,1.7296,4.0118,1.6855,4.8433,0.15735,0.87282,2.1011,3.7579
1.5885,1.467,0.58393,27.825,0.48944,4.2699,0.88261,46.837,16.292,33.576,0.64233,0.60681,22.753,0.57132,0,0.8614,0,1.181,1.5084,45.508,0.53932,6.4499,3.1427,5.5599,1.633,4.6454,1.1081,1.8091,1.1441,0.88442,0.91588,0.90515,1.7707,6.1396,2.0181,1.194,2.2373,5.5209,14.981,4.7395,0,0,4.3062,17.431,0.81202,9.8375,0.46226,0,11.228,1.1236,0.49907,0,3.2947,6.036,4.2464,2.2208,1.7012,7.39,7.422,1.1189,6.2183,1.4047,1.3016,0.17062,1.1102,1.5531,4.5713,0.79523,1.1238,2.5667,2.2156,0,1.0343,2.4443,0.95115,0.52757,0,3.9253,2.5788,1.1489,1.3896,12.331,0.99217,34.491,7.1969,1.3214,3.6305,1.4426,3.4203,0,8.8177,0,4.0852,0,6.6187,4.9406,2.9388,2.7335,3.6536,8.7195,5.1061,0.62695,1.0669,4.5337,1.7837,5.0891,8.8018,1.4546,3.4539,0,3.7287,0.20092,1.1834,0.27824,2.063,1.8058,6.3311,11.883,0,2.3494,0.45452,1.6387,1.6307,0.26614,1.5261,0,3.1763,0,1.7663,0,0.70152,3.5593,6.3032,7.553,1.1694,1.2636,0.29264,23.13,1.999,0,0.96302,0.50393,0.11035,0,0.1895,0,1.8338,0,2.514,1.0734,1.2611,4.8975,0.28968,0.47984,0.39387,1.018,3.7888,2.3864,0,2.2772,1.592,7.2772,0,1.5037,0,0.82383,0.60738,1.2254,7.1715,4.0319,0,1.4325,0.94448,0.81541,2.9815,6.4185,2.3011,0.72156,4.467,1.3588,2.8639,6.2934,1.3288,2.9835,1.2917,6.7365,1.3376,1.7566,1.2264,9.2895,0,1.3836,0,1.2667,5.7082,1.6552,0,1.5422,1.027,0,0.68003,0,0,1.1713,4.7452,5.7454,1.6254,0,2.7282,0.25753,3.0635,0,1.8169,1.9607,1.741,1.9484,2.2394,3.2645,0,2.5072,2.1833,0.27494,7.6467,2.5378,6.59,2.6967,2.3925,27.81,2.1552,5.2224,1.4816,3.0645,0.12201,1.1223,1.726,5.4641
0.85019,68.532,1.4599,1.5976,1.2991,1.1912,42.858,2.6887,1.0166,1.1833,1.0908,1.5795,1.0483,16.751,0.8614,0,0,19.941,1.2893,0.98695,9.2853,4.6494,2.8781,6.6599,2.2697,5.3091,0.93673,1.3169,1.0853,1.3577,0.53889,1.0537,3.4116,5.8969,2.5826,1.3826,1.9837,4.4785,0.36034,7.5788,39.081,0,3.5392,0.071539,1.4628,1.0273,0.29675,0,5.4433,0.68621,0.63167,0,3.064,6.7825,5.6553,1.9971,1.2233,7.0065,10.384,0.66626,4.3316,1.533,1.2278,0.29524,0.71438,0.94752,3.2215,0.84604,1.029,27.55,0.98689,0,1.3585,3.0796,1.1357,1.015,0,2.1446,3.7156,5.0289,0.94338,6.8649,1.3911,25.499,6.4712,1.3219,2.7335,2.1639,5.3974,0,4.279,0,2.5939,0,7.3711,6.3689,2.7277,3.946,2.7496,6.8176,3.7901,0.68084,0.72616,3.2112,1.5599,2.7816,9.0856,0.8991,2.9172,0,3.1923,0.3207,1.2039,0.22732,3.2355,1.3894,5.487,4.2846,0,1.7125,0.78366,1.5641,1.3051,0.41452,1.1216,0,3.9321,0,4.3247,0,0.45723,2.7991,4.2494,5.4413,1.0539,0.9531,0.2278,1.2277,1.3561,0,1.4372,0.63465,0.21839,0,0.11755,0,1.2428,0,3.2882,1.8094,1.3052,6.0022,0.45208,0.48005,0.46228,1.0531,19.965,1.2555,0,1.3852,1.847,8.0408,0,1.6086,0,0.66137,0.54366,1.4608,5.6481,5.3588,0,2.1142,1.235,1.4552,4.0035,4.3956,1.6623,0.892,24.748,0.96749,1.8578,3.7307,0.87877,1.9698,1.9249,4.4763,1.1623,2.3054,1.5159,6.6115,0,2.353,0,0.97909,3.1954,1.5742,0,1.9116,1.2072,0,0.7364,0,0,1.4232,6.5557,4.5351,1.9524,0,2.0172,0.34911,3.0916,0,1.7685,1.6142,2.333,1.4232,1.8089,2.9261,0,3.0038,3.7844,0.34625,4.8878,3.3247,8.3779,2.4927,1.5875,1.6353,1.7524,4.0563,1.792,5.1268,0.15789,0.94407,2.1338,3.737
0,0,0,0,29.576,0,0,0.26257,0,0,0,0,0,0,0,0,0,1.291,1.1283,1.9487,0.5844,3.7985,3.183,6.8548,2.9605,3.0575,0.82633,1.342,1.063,0.61166,0.74473,0.81648,2.3658,4.5315,1.8419,2.6087,2.4749,3.4816,0.40123,4.7314,0,0,4.5307,0.074807,0.7471,1.1514,0.45163,0,3.5583,0.94998,0.48379,0.47297,2.7289,5.2511,3.9276,2.524,1.7953,6.3421,4.8876,0.87257,4.3635,1.9271,1.2081,0.19347,1.0249,0.64761,4.2013,1.1141,0.89698,2.1268,1.1185,0,0.96861,2.5701,1.3627,0.66984,36.888,3.6751,2.4029,1.0524,0.99203,8.8295,0.94499,31.024,6.8983,1.6551,2.1351,1.161,3.4874,0,5.411,0,2.5415,0,7.7355,4.9134,2.7701,2.5685,5.8652,10.076,3.8534,0.77989,1.0441,3.2142,1.7005,3.4462,7.153,0.96544,2.7277,7.455,3.8529,0.47701,1.4982,0.32471,1.9406,1.6205,6.4249,4.5125,0,1.6386,0.68981,1.6174,1.5703,0.23764,1.3809,0,2.8443,0,1.8623,0,0.54234,3.3884,5.613,5.8614,0.96156,1.176,0.22159,1.032,1.335,0,0.88153,0.51585,0.098902,0,0.14157,0,1.3284,0,2.8074,0.96411,1.7262,4.6398,0.25963,0.74309,0.35478,1.095,3.3774,1.5278,0,1.4762,1.3031,6.4592,0,1.9069,0,0.94912,0.47511,1.3615,10.972,3.8853,0,1.3024,1.0071,0.91463,2.6984,4.4999,1.6844,0.58056,4.0477,0.95232,2.0057,3.9884,1.0245,2.0487,1.1834,3.7896,1.1473,1.6618,0.88017,5.3098,0,1.3306,0,1.2701,4.7805,1.3858,0,1.2483,1.2761,0,0.53611,0,0,0.82737,4.8768,4.5311,1.345,0,3.3932,0.25976,2.7695,0,1.6637,1.9484,1.8188,2.2825,1.9051,3.157,0,3.5775,1.5332,0.31669,5.6954,2.4601,5.8159,2.3043,1.9238,1.6122,1.5915,3.8805,1.4072,3.3125,0.10935,0.99307,1.4405,5.0108
1.8333,3.2446,2.4254,2.7737,1.8252,1.5709,2.3836,1.2373,1.6601,1.7073,1.8671,10.99,1.4956,11.914,1.181,19.941,1.291,0,1.517,1.0152,0.99648,3.6721,3.4702,5.3397,1.6187,4.3654,1.015,0.90039,1.2651,1.2081,7.6259,1.0595,3.0158,6.8666,2.8634,1.5356,2.7169,4.5141,0.38576,6.3023,0,0,5.1673,0.051065,1.583,0.9126,0.29894,0,6.1357,0.98871,0.79685,0,2.2366,6.5826,3.7823,1.9702,2.7101,4.6299,8.9485,1.0399,3.849,1.5413,1.0476,0.26114,1.8536,1.0637,8.7983,1.0281,1.0836,2.6543,0.98143,0,1.652,4.6808,1.0386,0.72403,0,3.105,1.8707,1.6094,0.95613,6.1778,0.87752,19.964,4.8117,1.3638,2.1756,2.5887,5.7256,0,4.702,0,2.958,0,6.9254,4.5871,3.6326,2.8269,2.5227,6.0173,3.492,0.62601,1.8467,3.2808,1.3551,3.0843,5.9525,0.76871,3.0113,0,2.1707,0.28273,1.2659,0.40035,3.535,1.0159,3.7672,3.7928,0,1.1221,0.57605,1.8411,1.5135,0.27905,1.2794,0,8.7834,0,2.9999,0,0.67823,6.7006,3.765,4.2078,1.1338,2.3946,0.25254,1.0207,1.5345,0,1.3384,0.42285,0.16291,0,0.10392,0,1.376,0,4.3955,1.178,1.1782,6.0882,0.39589,0.36736,0.2791,1.4356,4.9703,1.1352,0,1.1963,1.9468,8.0909,0,1.15,0,1.0578,0.57337,1.4996,5.1494,7.0485,0,2.2582,1.0362,1.4522,22.806,3.4322,1.4775,0.70358,8.2729,0.79354,1.3633,3.2972,0.86594,2.1224,2.1396,3.4852,0.84932,1.4469,1.6591,5.9332,0,1.6351,0,1.0926,2.856,0.99041,0,1.5873,2.1668,0,0.55128,0,0,1.5085,6.431,3.6124,1.7357,0,2.2018,0.25488,2.5199,0,2.1122,1.8712,1.7162,1.6088,1.3345,2.8964,0,3.028,2.4128,0.25562,10.82,3.3278,7.6821,2.8644,1.7999,1.6492,1.5057,3.516,1.3799,2.8737,0.14042,0.78515,2.2511,2.7922
2.9922,1.0029,2.5416,5.0535,2.3063,2.1827,1.7527,2.0268,33.022,1.5498,1.5647,0.90292,1.5082,1.3705,1.5084,1.2893,1.1283,1.517,0,1.1818,0.60795,5.7362,1.7301,4.8782,2.6397,5.1838,0.64096,5.2953,0.61167,0.56195,0.89879,8.3083,2.5008,5.6491,2.5585,1.4445,3.1511,3.8501,0.3568,5.3868,0,1.7447,5.909,0.088162,0.85138,1.0854,0.41464,37.764,5.9011,1.1168,0.58398,0,1.8753,6.4151,4.8197,2.3867,2.1512,8.1053,4.3297,0.99034,4.5185,1.5986,7.2779,0.22852,1.2559,1.0202,4.9715,0.6761,1.3165,2.1953,0.74068,0,1.2377,2.921,0.82872,0.7896,0,2.1628,2.5166,1.2634,1.1374,7.4516,1.0687,29.554,7.203,0.6899,3.0872,10.936,4.1984,0,4.903,0,1.5906,0,9.105,5.6297,2.8969,2.91,2.7471,12.507,4.1045,0.90291,1.2825,4.1463,33.59,2.9674,11.758,0.91975,3.6122,0,4.172,0.42328,1.6205,0.37673,2.2839,1.5732,6.5296,3.8802,0,1.8465,1.0395,1.8745,1.7053,0.31876,1.5116,0,3.3522,0,2.0497,0,0.58634,3.6355,4.867,6.6217,1.3883,1.3886,0.11206,1.5654,1.4932,0,0.94787,0.58526,0.099463,0,0.12092,0,1.6526,0,3.5979,1.159,1.4411,4.9688,0.54234,0.57318,0.33838,1.4231,4.0739,1.4635,0,1.6503,1.542,6.9502,0,1.3177,0,1.0949,0.53392,1.6949,6.6709,4.3588,0,1.6979,1.5033,1.0549,3.2731,5.1756,1.4539,0.70648,4.5364,1.3553,2.2259,2.5103,0.94751,1.9914,1.2681,4.8838,1.2536,1.654,0.79612,6.6125,0,1.5216,0,1.2336,4.2472,1.2002,0,1.3724,1.4332,0,0.73911,0,0,1.0361,6.2301,4.8632,1.8781,0,3.5545,0.30838,3.3478,0,2.1688,2.0598,2.4989,1.6013,2.0463,4.4517,0,3.5702,1.4202,0.45906,6.7428,3.8158,7.6527,3.7196,2.058,1.651,2.0959,4.5143,1.8125,3.8405,0.17645,0.77974,1.6733,4.4721
1.9266,2.138,2.4389,1.8397,2.6876,2.18,1.2973,35.773,1.7472,2.028,1.2612,1.3004,12.048,0.87347,45.508,0.98695,1.9487,1.0152,1.1818,0,0.82967,31.725,2.5873,4.6591,1.809,4.2499,0.59053,0.6016,0.92274,1.0842,0.69682,0.76577,2.6132,3.6647,1.7183,1.3442,1.7338,3.5163,14.954,4.174,0,0,3.7028,1.346,0.80295,1.4278,0.17314,0,24.813,0.87871,0.43262,0,1.9965,3.9155,3.109,1.6637,1.4808,3.5465,8.8768,0.86043,6.1409,1.7655,1.4363,0.13078,0.92137,1.8057,4.2349,1.321,0.90711,1.7288,1.669,0,0.8924,2.4629,1.3368,0.63724,0,3.1509,1.9221,0.99268,0.6366,10.798,0.78425,23.405,5.1525,0.98708,2.4446,2.2641,3.7841,0,6.6013,0,2.439,0,5.679,4.274,1.597,1.4669,1.9365,7.4771,2.2602,0.68025,0.90866,2.4739,1.1407,4.9031,7.0712,16.684,2.3424,0,2.364,0.29783,1.0131,0.24239,1.7948,1.4044,6.1241,5.4225,0,1.5309,0.6332,1.3997,1.3693,0.21375,0.84598,0,2.1745,0,1.8422,0,0.47969,3.6275,2.6398,7.1346,1.3038,1.0108,0.12493,4.0687,1.1344,0,1.0459,0.44329,0.1489,0,0.11466,0,1.2989,0,1.8836,0.62677,1.3714,5.2172,0.45708,0.24326,0.18972,1.0564,2.2196,1.4638,0,1.2602,1.2185,7.2428,0,1.1082,0,0.72166,0.38946,0.85994,3.7783,3.5453,0,1.2247,0.7971,0.74835,1.5861,6.9681,2.0335,0.36838,3.8615,0.77119,0.96928,4.3733,1.1143,19.134,1.3333,13.603,0.55701,1.4054,1.3553,6.2955,0,1.2168,0,0.83826,3.4702,1.5584,0,1.1674,1.4183,0,0.64144,0,0,0.7494,4.2545,2.896,1.5866,0,2.3717,0.21601,3.1577,0,1.4536,1.5811,0.99288,1.5948,1.7635,2.757,0,3.5574,2.5699,0.22221,5.0267,2.7766,5.9654,2.2042,1.8801,2.0031,2.0107,4.998,1.0954,2.6288,0.25055,0.53553,1.3894,5.4698
2.3614,2.0954,0.83608,0.90638,0.74806,0.68858,15.624,0.98732,0.59923,1.0327,1.2068,1.1491,0.87343,0.68934,0.53932,9.2853,0.5844,0.99648,0.60795,0.82967,0,2.6507,1.6094,3.2076,1.4406,3.526,0.59802,0.68319,0.56901,0.73228,0.49119,0.90271,3.4514,5.4093,2.1511,0.96654,3.0336,2.8405,0.29765,3.268,0,0,5.9463,0.049478,35.68,1.224,0.16136,0,3.6658,5.0743,0.48793,0,3.9157,3.0919,3.6288,1.7498,2.206,4.4284,7.1178,1.3185,5.1682,1.1328,1.026,0.19008,1.276,0.66431,6.0309,1.2749,0.88624,1.3457,1.3092,0,1.0736,4.7214,1.3615,0.51208,0,3.0346,2.1579,1.4658,0.52703,6.879,0.76386,17.343,7.2058,0.93959,1.8778,1.1862,3.7185,0,3.7604,0,2.3745,0,8.225,4.2343,2.1655,1.9019,2.9992,9.4392,2.5559,0.62783,1.3602,2.2452,1.0171,2.3826,5.8194,0.75494,2.4463,0,2.0365,0.18541,1.0177,0.38733,2.2313,0.96009,3.6215,5.0468,0,0.99315,0.4367,1.3093,1.1312,0.2107,1.676,0,3.0272,0,3.8886,0,0.35065,3.6937,4.4816,4.0364,0.87172,0.91828,0.12217,0.73325,0.83109,0,1.2385,0.44993,0.14726,0,0.079846,0,0.82127,0,2.9938,1.0941,1.4614,5.9217,0.3741,0.32016,0.24894,1.828,4.0834,1.0954,0,0.73692,0.89274,7.141,0,1.0289,0,1.0596,0.38273,1.1794,5.5441,4.2537,0,1.6577,0.54676,1.0035,2.3124,3.0088,1.1624,0.5445,3.3471,0.78683,1.2277,4.3426,1.0288,1.6738,2.1,3.0936,0.77972,1.3994,1.0524,4.5729,0,1.3501,0,0.61972,3.3223,1.7684,0,0.92131,2.1026,0,0.6484,0,0,1.2086,6.217,3.9462,1.2728,0,2.5689,0.21484,3.4138,0,1.0179,1.0179,1.7992,1.2361,1.2601,2.5336,0,2.6364,2.2744,0.1681,8.0226,2.4501,5.7398,1.4227,1.0179,1.2915,1.5556,4.8879,2.0812,4.0162,0.15583,0.52959,1.0179,4.1212
12.152,11.362,9.9316,10.434,3.9281,7.2223,6.7424,30.553,6.7058,8.6256,4.8357,4.2541,8.1052,4.2684,6.4499,4.6494,3.7985,3.6721,5.7362,31.725,2.6507,0,2.8096,4.2916,1.2154,2.3726,0.86784,1.2644,1.0016,0.77087,0.83972,0.71273,1.524,4.6711,1.6047,1.6576,1.6838,4.556,29.706,3.9339,0,0,3.4723,0.074074,0.60777,0.76765,0.3247,0,9.2632,1.0371,0.40359,0,2.7399,5.1735,3.0997,1.7374,1.4767,5.0253,5.9837,1.0327,5.4052,1.2373,1.0414,0.1381,1.0107,0.85375,3.7329,0.64832,0.86957,2.0329,0.66117,0,0.8344,1.8792,0.73197,0.41726,0,3.4284,2.0516,0.93515,1.0497,9.62,0.90441,16.599,5.6069,0.95881,2.1781,1.5224,2.7575,0,4.5922,0,3.0964,0,5.3567,3.9374,2.2764,2.1595,3.539,7.0587,3.6261,0.47011,0.9479,3.5789,1.2125,1.745,6.2862,1.2996,2.7472,0,2.6416,0.26935,0.93216,0.23095,1.6839,0.79326,5.6347,4.9211,0,1.7094,0.37055,1.2751,1.2176,0.24113,1.1581,0,2.4767,0,1.3758,0,0.5513,2.9605,4.5534,5.4804,0.85706,1.1519,0.21016,1.792,1.6716,0,0.80135,0.41676,0.11341,0,0.093289,0,1.5197,0,1.9774,0.7874,0.94701,4.3647,0.30002,0.43748,0.27441,0.78137,2.7892,1.7689,0,1.5953,1.4428,6.7157,0,1.0888,0,0.69378,0.45587,0.94378,5.2825,3.345,0,1.1478,0.75798,0.67403,2.349,2.8844,1.6596,0.5358,3.6154,0.90916,1.9931,5.5293,0.96156,1.5722,1.0747,2.9586,0.99621,1.3928,0.98874,5.2041,0,1.0413,0,0.87614,3.9429,1.2958,0,1.3225,0.88394,0,0.5875,0,0,0.88432,3.7705,4.0713,1.2875,0,2.3409,0.22627,2.7818,0,1.622,1.7047,1.2778,1.4551,1.0497,2.4934,0,1.9728,1.8587,0.20595,5.8483,1.981,5.0401,2.0187,1.9017,1.8046,1.5071,3.7584,1.2918,2.4649,0.12636,0.84153,1.5885,4.6692
6.839,5.8633,6.0118,2.5966,5.6985,4.6543,3.821,4.432,3.6524,3.453,3.9619,3.0664,3.9294,2.9868,3.1427,2.8781,3.183,3.4702,1.7301,2.5873,1.6094,2.8096,0,27.062,1.973,4.4853,0.64859,1.1791,1.1838,0.59611,0.76719,0.89863,1.8637,5.4403,2.0113,1.6547,2.606,2.3389,0.30658,4.5393,0,0,4.2519,0.068759,0.71229,0.94192,0.34609,0,4.9222,0.87782,0.57576,0,2.3871,4.6118,3.5849,2.6458,1.6921,5.9786,4.9181,0.81918,3.6512,1.6807,1.3869,0.18152,1.0111,0.91326,4.1572,0.72517,1.1004,2.2089,0.84297,0,1.0684,2.5321,0.96935,0.80994,0,4.6658,2.489,1.0494,0.79481,6.0445,0.83142,27.873,7.9668,6.7959,2.9801,1.9748,3.9071,0,4.0043,0,1.8207,0,8.3435,9.1218,3.2071,2.4819,2.7622,9.3463,4.0281,0.75907,0.99156,3.1159,1.1063,2.5935,8.8141,0.76398,3.6813,0,4.0698,0.38755,1.7377,0.29196,2.0121,1.4279,3.6891,3.7308,0,1.3553,12.509,0.86729,1.4484,0.25892,1.6152,0,2.9228,0,1.7354,0,0.58524,3.3187,3.9415,5.1524,0.87162,1.0849,0.10693,1.1413,1.1157,0,0.81822,0.49662,0.086237,0,0.1248,0,1.1859,0,2.6297,0.95294,1.5083,4.5589,0.22638,0.57283,0.33108,1.0862,3.3151,1.1578,0,1.1136,1.1749,6.4605,0,11.609,0,0.88588,0.67731,1.3758,6.546,3.7097,0,1.3276,0.93364,0.72125,2.7084,4.3389,1.4829,0.44781,3.9328,0.88747,1.7434,2.1765,0.74322,1.7031,1.0953,3.8887,0.94156,1.7416,0.87048,7.3178,0,1.4085,0,0.91692,3.4045,1.4127,0,1.2168,1.0809,0,0.56686,0,0,0.86716,4.2398,3.1361,2.6884,0,4.1937,0.36209,3.4858,0,2.0291,1.9867,2.0686,1.4943,1.8757,3.2906,0,3.1664,1.4819,0.29406,6.064,2.6664,5.7718,1.326,1.5384,1.4327,1.4219,3.3221,1.3377,3.0409,0.13466,0.5842,1.3003,4.276
14.833,8.7635,12.086,7.257,9.6399,7.9375,8.9483,6.2971,7.8808,6.3104,8.8449,6.8906,8.5586,6.2674,5.5599,6.6599,6.8548,5.3397,4.8782,4.6591,3.2076,4.2916,27.062,0,4.9413,5.4394,10.754,2.4072,7.204,1.2784,1.0549,1.1534,1.486,20.224,2.8295,1.8753,2.252,3.0316,0.29935,4.8005,0,0,4.5237,0.052469,0.58299,0.92951,0.33748,0,6.2475,1.1165,0.63357,0,2.7513,5.3004,2.6545,2.3509,1.876,4.9294,6.0249,1.1085,3.6523,1.9586,1.81,0.15937,1.2769,1.1281,4.5541,1.0514,0.83099,2.4765,0.94188,0,1.529,1.8097,1.1414,15.352,0,4.0826,2.7053,1.3681,0.83756,5.9826,0.95954,22.335,8.1666,17.972,2.4203,2.0746,5.8732,0,4.2895,0,2.7357,0,8.3854,27.577,3.5103,2.1931,2.5957,9.5492,4.6001,0.73628,1.1802,4.037,1.5731,3.2548,6.757,0.75126,3.6627,0,2.8571,0.3122,5.5062,0.28534,2.2502,1.0927,3.881,3.7192,0,1.0867,0.78987,2.4296,1.3447,0.36828,1.6119,0,2.9672,0,1.3271,0,0.82023,3.5046,4.7745,4.1816,0.89183,1.3172,0.15663,0.97104,1.3644,0,0.85483,0.52239,0.113,0,0.11486,0,1.5208,0,2.3643,0.86813,1.364,5.1684,0.29664,0.42826,0.28112,0.75233,3.0484,1.1159,0,0.71646,1.4928,8.1926,0,1.6332,0,0.89879,9.9239,1.2069,5.8373,3.9431,0,1.866,0.99753,0.7853,2.646,3.7392,1.512,0.51077,4.3003,0.81096,1.4944,2.8519,0.77021,2.0893,1.143,3.6348,0.87511,1.906,1.3658,6.5694,0,0.99982,0,1.2536,3.2577,2.0971,0,1.6734,0.86186,0,0.76108,0,0,1.2424,4.2245,3.3686,2.3148,0,3.4517,3.1749,4.8147,0,1.2431,2.0808,1.8701,1.3665,1.4023,3.3608,0,3.0385,2.2969,0.27916,8.5815,3.8624,6.1875,2.746,1.7853,1.6875,1.7568,3.9296,1.1103,2.634,0.16366,0.49355,1.6604,2.8858
5.8643,4.2389,62.523,4.3456,70.706,4.0519,3.4228,2.5582,3.3661,2.7765,2.7471,1.804,12.011,2.2587,1.633,2.2697,2.9605,1.6187,2.6397,1.809,1.4406,1.2154,1.973,4.9413,0,3.895,0.90579,1.1555,1.546,0.76516,0.91587,0.78939,1.99,4.7053,2.4645,1.6205,1.8624,3.7072,0.45679,4.0315,0,0,3.6706,0.065389,0.48126,1.1772,3.125,0,5.6678,1.1222,0.43216,0,3.6147,6.448,2.8232,2.2534,1.8854,5.1016,6.0622,1.0346,4.2841,5.6033,1.6773,0.1377,1.188,1.5171,4.3026,0.75494,0.53753,1.8456,1.2227,0,0.89157,1.785,17.432,0.44434,0,5.4021,1.7628,1.266,1.2573,6.9927,0.99359,24.245,4.8906,1.1312,2.4729,1.7841,3.4854,0,4.9807,0,2.4571,0,5.8232,3.161,2.0224,1.8151,3.2395,9.5384,4.2613,0.37928,1.1524,4.3697,1.3939,4.2413,8.5458,1.1975,3.1595,0,1.3451,0.24922,1.0942,0.29746,1.4809,1.2305,4.51,3.0409,0,1.1625,0.43149,1.4909,7.5032,0.29448,1.0612,0,2.0465,0,1.3845,0,0.59533,3.6898,4.4586,5.0133,1.3056,1.2855,0.17621,0.91729,1.7366,0,0.78881,0.42816,0.11599,0,0.12012,0,2.009,0,2.0158,0.71238,1.9346,5.0942,0.36807,13.007,0.26809,0.73652,2.4937,1.3089,0,1.1575,1.5463,7.132,0,0.74801,0,0.88994,0.49211,0.96514,8.3206,3.3802,0,1.598,1.0793,0.67476,1.9477,3.9256,1.6099,0.47129,3.7087,1.3094,0.81592,5.9163,0.84664,1.86,1.0571,2.1931,0.8152,1.2685,1.0816,6.3691,0,0.86855,0,0.97825,4.8554,1.4951,0,1.3685,1.1414,0,0.67082,0,0,0.9418,3.8711,3.3037,1.6883,0,3.0569,0.31172,3.4268,0,2.159,2.8062,1.2817,1.9243,1.7426,1.688,0,5.4378,2.0543,0.27143,6.1621,2.621,6.5984,1.6737,1.9106,1.2866,2.2467,3.787,1.0249,2.427,0.15365,0.96976,1.6402,3.5159
13.125,9.791,5.5886,10.289,6.3939,6.055,7.366,3.938,4.0196,16.714,6.0604,2.4791,2.3887,5.4812,4.6454,5.3091,3.0575,4.3654,5.1838,4.2499,3.526,2.3726,4.4853,5.4394,3.895,0,2.9336,14.445,1.2389,0.84391,0.88287,1.1807,2.1906,4.1266,2.3071,0.90063,2.1852,7.0109,0.34325,5.2613,0,0,5.3377,0.050708,0.72497,1.3191,0.28651,0,4.368,1.2676,0.49942,0,4.3756,7.4211,3.5148,2.6136,1.9382,27.339,7.5949,1.1866,5.6337,0.82009,1.1689,0.18064,1.2341,0.79902,3.885,8.2556,2.9309,1.7346,1.5776,0,1.1388,2.3894,1.2601,0.61683,0,4.217,1.7365,1.3618,3.9129,7.6229,1.0801,18.814,4.7442,1.1527,1.4945,1.4389,3.1439,0,6.6137,0,3.7199,0,7.4615,4.2722,1.9222,1.8838,2.655,10.049,2.9561,0.66794,1.2087,3.1643,0.61662,3.3547,4.5619,0.9061,3.0741,0,2.2625,0.27248,1.4317,0.30317,1.8233,1.0402,2.4485,5.2705,11.048,0.7341,0.57255,1.7426,1.7552,0.29594,1.0088,0,2.185,0,1.2729,0,0.5188,3.022,4.7052,4.4393,1.3925,1.3718,0.20394,1.1137,1.3599,3.1735,0.82485,0.54039,0.11768,0,0.089289,0,0.87851,0,2.7424,0.83047,1.3963,4.1197,0.35862,0.38077,0.36719,1.0844,2.9073,1.2305,0,16.162,1.9003,5.7018,0,1.2558,0,0.88582,0.40697,1.2535,7.2099,4.2921,0,1.6053,1.2038,0.88225,2.1566,3.3517,1.2687,0.48486,2.8732,1.5325,1.6346,4.6572,1.1383,1.9959,1.1032,2.2446,1.0973,1.186,0.79401,3.3851,0,1.1882,0,0.97479,3.2577,0.89188,0,1.4119,1.167,0,0.51822,0,0,0.85156,6.0147,4.4287,0.88419,0,2.9962,0.28261,2.4426,0,1.9902,1.4609,1.587,1.8717,1.3487,2.7676,0,4.118,1.647,0.3279,5.4774,2.4357,3.4251,2.6805,1.4609,1.7801,2.2807,6.6907,1.5311,2.539,0.26804,0.59476,1.9143,3.5793
