0,69.859,1.4575,0.99492,15.912,0,2.009,59.395,46.312,0.68304,98.339,0.6195,1.2345,3.0325,25.308,9.9054,87.637,41.265,21.932,0.50756,3.753,16.58,0.95768,2.238,0,2.1949,0.71751,6.9026,0,1.2362,5.6425,7.1756,10.14,26.229,4.8203,6.63,2.6018,0.67242,0,8.9907,8.1361,0,10.947,2.8485,22.96,2.2299,0.038876,1.7931,3.7024,7.1908,0,2.6372,3.759,2.3587,11.4,0,7.0042,2.9425,8.2811,8.0739,0,2.5417,2.2114,0,0.83126,5.5599,4.2876,2.2072,40.098,1.0256,20.789,0,3.3744,19.845,3.322,0,1.1878,3.8907,37.13,0.82525,51.657,0,2.1542,0.36691,0.60642,10.544,28.44,0,38.73,6.6373,2.3486,3.4829,9.4634,10.543,1.0385,4.5223,2.6138,2.7085,1.8013,14.531,2.6963,1.1728,0,6.219,2.1214,0,3.5138,2.406,2.4343,0,2.7189,0,0.77677,1.6103,13.984,2.7908,2.4258,5.8463,2.454,0,0.11498,0,1.1636,0.738,3.3964,1.8187,1.7206,3.2057,0,4.0553,0,0,0.62705,2.9132,3.0669,39.191,9.493,3.0239,3.5142,2.1206,0.17949,4.3048,8.0639,3.4778,16.614,51.513,1.8326,4.045,1.6354,4.0115,13.131,10.971,25.534,20.477,2.5951,4.4672,6.8625,6.5665,2.8009,7.629,1.6277,4.4554,7.3865,4.313,2.4376,21.319,0,3.3585,4.6899,4.0446,9.7208,2.343,1.5382,0,6.3607,4.6123,3.1899,1.0925,11.749,0,3.7855,0,0.74944,4.2988,4.2774,1.6351,4.3349,13.101,2.4159,5.1541,3.0107,0,10.988,1.599,1.5888,1.0552,3.2706,1.498,3.7801,1.5415,7.4855,1.4928,4.5709,3.049,1.6547,2.7833,3.049,12.256,1.9095,3.8575,0,4.2493,2.0346,8.0636,0,6.5425,2.3261,0.63099,1.1422,10.859,1.9587,3.5077,6.4915,0,25.498,2.1051,0.28413,0
69.859,0,2.6262,0.5965,5.4329,0,1.4683,18.533,35.548,1.2804,0,65.581,1.0699,2.1246,15.438,0,64.304,9.5318,1.8787,0.29648,49.455,3.5055,1.7005,66.54,0,28.118,0.98278,0.94797,0,29.914,8.4591,10.445,36.751,0,3.4914,3.7856,1.7801,0.52612,0,6.5909,4.6257,0,19.104,15.228,1.0904,1.7202,0.032778,47.815,3.067,9.5773,82.704,1.8671,2.1394,1.8513,12.498,0,3.6765,1.5238,5.1698,6.501,0,1.1649,1.8418,0,0.65338,2.7008,3.1013,1.3387,1.6906,1.8762,12.666,0,1.1188,9.4436,3.3381,0,0.86206,2.5168,23.9,0.42405,0.74083,0,0.80313,0.82984,0.37549,33.075,0.94265,0,12.531,2.5569,1.7841,1.0569,5.3193,4.3907,1.0165,5.8925,4.1175,1.756,0.82636,0.80611,1.634,3.3762,0,2.3163,1.7338,0,1.4326,1.3701,2.1808,0,0.99481,0,1.1815,1.6372,62.028,1.4595,4.2625,6.7378,1.822,0,0.037037,0,2.6697,1.7864,3.0011,1.4674,2.4996,2.0144,0,4.1219,0,0,0.56542,1.4941,2.5693,5.2016,4.7935,1.7994,3.7267,0.88222,0.37841,1.9608,4.2057,2.1444,7.7542,18.197,1.1595,2.8458,0.61352,2.6242,7.1619,6.2521,6.0163,16.14,1.2982,2.2084,4.5266,9.5956,1.4237,6.6904,23.017,1.9567,2.3943,1.8506,1.9016,14.657,0,5.4557,2.297,3.5647,6.8846,0.89165,2.487,0,6.5167,2.2682,2.1454,0.87542,9.2349,0,2.1625,0,1.0124,2.9907,2.2468,12.817,2.534,15.463,2.9925,4.16,2.987,0,7.3338,2.1065,1.4947,2.1266,2.4972,2.3983,2.8334,2.4337,4.3978,2.3515,2.9094,4.6066,3.1106,5.5074,4.7646,12.746,1.4567,2.3214,0,1.542,2.4636,7.1871,0,7.5642,1.5158,0.42392,2.7403,14.762,1.761,2.2366,9.4284,0,25.989,4.418,0.50283,0
1.4575,2.6262,0,1.2863,1.6592,0,1.0403,14.367,1.4496,2.3727,0,0.2729,0.87732,2.3238,0.53266,0,1.4688,1.0047,0.1693,8.8284,1.973,2.2019,0.96546,1.6445,0,0.91898,0.40943,0.39346,27.632,0.56492,0.49079,5.9061,5.1493,0,2.4346,19.373,1.2108,0.49935,14.049,4.2805,3.4936,0,7.1635,1.2266,1.2498,1.1545,0.022369,1.0031,2.8099,4.0911,0,1.2133,1.4983,1.327,5.7425,0,4.2323,28.049,2.3544,4.5643,0,0.68466,1.2094,0,0.6163,2.4131,2.0178,1.4825,1.5521,0.88401,6.25,0,1.6363,6.3803,2.119,0,0.665,1.9699,40.783,0.51399,0.85083,0,0.77332,0.23217,0.16472,4.2634,1.6086,0,8.0101,9.8399,1.2084,1.156,4.7646,4.1568,21.584,5.7059,2.2008,0.93746,1.0978,0.29061,1.7843,0.998,0,1.8083,1.2741,0,1.3556,0.6443,1.1541,0,0.97895,0,0.5997,1.0882,6.9216,1.4307,2.0521,4.4193,1.3983,0,0.054193,0,1.2584,1.1025,1.476,2.5832,31.965,2.3579,0,2.3,0,0,0.29121,2.4899,2.0419,3.966,3.2729,0.95879,1.8292,0.76737,0.15248,1.5358,4.7486,1.4656,6.0079,27.086,0.80386,2.0223,0.43482,2.3812,8.7559,6.4071,2.8547,12.037,1.7885,1.0878,3.0755,5.3789,1.7993,4.5274,1.2513,1.5547,2.6444,1.5531,1.8361,15.85,0,6.1033,1.0769,2.886,4.6872,0.72031,1.5129,9.4269,7.3878,3.1144,1.6425,0.67336,6.52,0,2.3988,0,0.47097,1.5779,2.0156,1.2041,2.1678,8.3318,2.2886,2.8346,2.2211,0,7.843,0.99642,1.6348,1.0662,1.6993,1.3907,2.388,1.2281,3.3675,1.3907,2.0782,1.8616,1.2654,1.8616,1.8616,5.7531,1.4334,1.2843,0,2.5557,1.2717,3.6713,0,4.082,1.4194,0.40604,1.5031,9.003,1.3622,2.4957,5.93,0,15.148,1.7146,0.18587,0
0.99492,0.5965,1.2863,0,4.3616,51.793,1.265,6.3558,2.0664,47.962,0,0.70345,1.9303,3.1419,0.49745,0,1.7827,0.94991,0.45406,30.36,1.7474,2.2233,0.98692,2.8159,0,0.85382,0.98093,0.71367,0,1.2338,1.2065,4.3028,4.6015,0,1.3059,3.1935,0.67814,0.8736,0,2.8364,3.372,0,2.4722,1.1411,1.1825,0.68518,0.012718,0.71462,4.9469,4.9856,0,0.69436,1.5818,0.73536,5.2933,63.107,5.1008,1.405,6.0495,3.0879,37.652,1.6183,0.57852,16.079,1.0391,8.9496,2.6499,18.864,0.53018,1.4644,7.7984,0,1.437,8.4444,1.037,0,0.86212,2.0814,51.014,0.18294,0.83889,0,1.1768,0.5624,0.23767,4.039,0.93255,17.27,6.8772,3.9265,0.88245,1.3725,5.3891,3.0982,0.35437,10.984,3.1913,1.7565,0.85557,0.562,0.66727,2.4768,0,2.9119,0.79441,0,1.3829,0.92164,1.4393,0,1.3139,0,50.222,0.48822,6.2746,1.3323,1.7564,25.839,1.7134,0,0.043526,0,1.2086,1.0481,1.4134,0.62877,2.7138,2.3031,0,4.7587,0,0,0.26282,1.4412,0.67571,3.2998,7.202,1.6215,1.6878,1.1911,0.27297,1.4894,4.7973,2.5103,6.265,22.369,0.67776,1.5607,0.6824,1.7848,7.1429,5.6078,3.6454,11.188,2.0266,1.1128,3.1961,4.5384,0.75524,2.5162,1.0961,1.4997,2.6421,1.5499,0.89342,10.577,18.131,5.2109,3.0369,1.4181,4.8553,1.2341,1.2982,0,13.195,3.9358,1.8153,0.77979,6.653,0,1.0045,0,0.41733,2.1505,1.6711,1.0404,2.2368,7.1754,1.8618,1.2268,1.6845,0,5.6733,2.786,2.0136,2.0314,1.7784,2.3257,2.303,3.1783,3.5881,2.1653,2.5515,3,1.9663,4.2627,3.102,6.4228,1.849,2.2796,0,2.0411,1.3067,4.1522,0,4.769,1.6514,0.49081,1.5365,10.124,1.7713,3.0208,4.7396,0,13.52,2.0772,0.4176,0
15.912,5.4329,1.6592,4.3616,0,1.7072,32.649,16.62,2.6385,0.96326,21.836,5.4182,1.6665,3.5518,26.401,35.837,7.899,31.233,15.698,0.28989,1.0436,3.6463,0.5671,1.5407,0,1.1053,0.57746,17.164,0,2.4397,6.7522,4.0859,5.4478,0,12.472,4.0069,20.337,0.88396,0,30.178,2.0748,0,6.7335,1.5085,6.48,21.163,0.020312,0.82177,5.4288,5.1512,0,27.725,2.0685,1.5811,6.2391,0,4.4547,1.6277,4.6504,5.4468,0,1.3471,1.2543,0,1.1239,2.78,2.3148,1.3328,1.4994,1.7577,7.4785,0,1.8016,10.583,1.7619,0,0.69694,2.0434,21.93,0.47778,1.4755,0,1.2789,0.22538,0.33074,5.8502,23.701,0,11.122,3.3404,1.5964,1.954,4.1139,4.0917,0.77401,4.4294,3.8493,1.6588,0.91266,0.27346,1.673,3.8684,0,13.945,1.4998,0,0.86231,1.2283,1.2846,0,1.6137,6.2546,0.77903,1.2225,7.0189,1.4575,1.4149,3.467,1.5643,0,0.056914,0,0.79491,0.50106,1.7462,0.88325,1.0029,1.5555,0,2.3106,0,0,0.33876,1.5203,1.7443,4.2237,5.2365,1.5647,2.1423,1.2524,0.14311,2.6009,4.1013,2.0589,9.6781,25.2,1.1052,2.2993,0.82702,2.2535,6.7382,5.3397,3.6671,13.269,1.6146,2.1823,3.7052,4.4746,1.975,3.8925,1.7588,2.5898,4.7137,2.8547,1.2276,15.159,0,2.2956,2.3724,2.3527,5.184,1.2879,1.1505,0,6.8681,2.6108,1.9264,0.67833,7.4577,0,2.656,0,0.48047,2.339,2.2497,1.7255,2.451,6.9777,1.404,2.7558,1.8007,0,7.7084,0.98615,2.6624,1.0007,1.9427,1.2971,2.1465,1.088,4.2232,1.2971,2.0905,4.0772,1.2705,4.3352,4.4399,8.0035,2.1192,2.1239,0,2.1158,1.2736,4.7767,0,4.0941,1.3171,0.43812,0.93816,8.4032,1.1482,2.1664,4.3778,0,17.094,2.8385,0.3966,0
0,0,0,51.793,1.7072,0,0.90897,14.16,1.125,13.817,0,0.29532,0.78086,1.7922,0.50217,0,0.80334,0.9407,0.18686,37.794,1.9614,2.0857,1.0476,1.379,0,0.85006,0.50553,0.3256,0,0.53679,0.50702,6.4901,4.4071,0,2.4654,1.9565,1.2161,0.41053,25.04,4.1089,3.9304,0,5.284,1.0944,1.1175,1.1342,0.017234,0.88372,2.3523,4.0996,0,1.2394,1.4712,1.3065,5.0544,0,4.3694,1.4798,2.8789,4.3365,0,0.76187,1.3519,0,0.50826,33.107,1.9674,0.73258,1.2048,0.70204,6.9601,34.466,1.5413,4.9208,1.8859,0,0.69027,2.2884,25.017,0.37518,0.66428,0,0.63123,0.24895,0.29495,3.8268,1.5999,0,6.5539,4.0757,1.0776,0.89157,5.615,2.9839,0.923,7.0745,1.7294,1.1323,0.83748,0.25308,1.6346,1.1274,0,2.7075,1.2062,0,1.5754,1.1811,1.1187,0,0.79069,0,0.45132,0.90379,5.8066,1.3333,2.2131,6.4653,1.4334,0,0.055834,0,1.2124,1.0828,1.341,0.89312,2.3068,2.0253,0,17.835,25.548,0,0.25961,1.4429,1.4476,3.1403,2.7085,1.1603,1.7967,0.66056,0.12998,1.4105,25.144,1.1119,5.8527,28.938,0.61167,2.0339,0.40081,2.2103,8.3333,6.5951,3.1098,11.586,2.1021,27,2.995,3.8913,1.52,3.5275,0.94437,1.4239,2.4681,1.4517,1.4613,9.6796,0,5.7737,1.1692,2.806,4.5629,0.64676,1.2176,0,5.2842,2.8567,1.7987,0.7291,6.3797,2.8052,1.9903,0,0.39988,1.5765,2.1073,0.96127,2.1387,6.8402,2.0782,2.0382,1.6482,0,6.3102,6.7479,1.2609,0.90883,1.6569,1.1168,2.7631,2.5225,3.5033,1.1168,1.9171,2.103,1.4466,2.103,2.103,6.5771,1.1578,1.5011,0,2.2597,1.1867,3.3393,0,4.3084,0.63798,0.19567,1.5645,6.8558,1.1567,2.9948,4.7314,0,12.85,1.3224,0.18946,0
2.009,1.4683,1.0403,1.265,32.649,0.90897,0,13.218,2.498,1.264,4.5821,0.5706,30.402,3.455,0.58773,33.838,1.7207,1.1592,3.5563,0.26401,1.7065,3.6588,1.3152,2.8663,0,0.98755,0.69255,48.25,0,1.1698,1.0854,5.8126,2.6113,0,67.666,4.0274,46.777,22.477,0,17.296,21.268,0,4.1599,1.3909,1.5716,37.087,0.011802,1.0929,4.5331,4.5721,0,13.413,1.9379,41.858,5.7046,0,12.734,1.6168,4.4703,38.4,0,0.84962,1.294,0,5.6433,2.1336,2.4494,1.4208,0.96218,22.691,7.2106,0,1.5651,10.139,1.6439,0,0.75602,2.5138,18.312,0.30155,1.0159,0,1.2481,0.47022,0.29801,2.9704,1.0257,0,7.4129,3.1941,0.73459,1.5498,5.0371,2.5393,0.52124,11.052,6.2458,1.4941,0.88441,0.50116,1.4419,2.251,0,3.7902,1.7945,0,1.7013,1.1197,1.1416,0,1.3414,0,0.84758,0.80924,6.6972,1.453,2.0598,5.0578,1.4866,0,0.045111,0,1.3359,0.7932,0.90214,0.52341,1.7143,1.4082,0,1.5319,0,0,0.1883,1.5126,1.1573,3.4632,6.8799,1.4021,1.9105,1.1041,0.21916,1.5466,4.461,2.2658,7.3507,20.466,0.9409,1.7845,0.74152,1.0206,6.0175,6.2022,3.3302,18.981,1.2897,1.7195,3.8529,4.1254,0.98876,3.422,1.5572,1.6419,4.5044,1.5887,1.2459,12.881,0,3.2212,1.8579,3.0049,6.3376,1.1345,1.263,0,12.232,2.4419,2.3303,1.0857,11.287,0,1.1151,0,0.42794,2.0762,1.8255,1.466,2.1364,8.7375,1.9795,1.6685,1.2553,0,5.7322,1.0488,2.5326,2.6899,2.521,3.1673,3.2089,1.6617,3.965,3.0839,2.8044,3.3629,2.0788,3.5429,3.5044,7.0241,1.7944,1.9253,0,1.8805,1.6546,4.0731,0,5.2357,1.2115,0.40331,2.1924,8.1423,0.88982,1.45,5.8509,0,12.952,2.6604,0.33565,0
59.395,18.533,14.367,6.3558,16.62,14.16,13.218,0,5.9208,10.089,78.213,3.0209,6.3309,7.1515,5.781,4.8313,39.868,7.9852,5.4612,2.7452,1.9576,21.132,2.7431,1.9452,0,1.0058,0.59705,8.8313,0,0.53614,0.47913,3.1028,4.6541,22.797,1.6005,2.4679,3.5607,0.93189,0,14.299,7.8032,0,3.8388,1.3713,1.517,4.2556,0.020596,1.0157,30.757,4.1605,0,14.558,1.9373,0.92895,5.699,0,6.0814,1.1145,4.3558,4.0432,0,1.929,1.3516,0,1.6603,1.8849,3.6479,1.0068,0.8446,1.3606,16.829,0,1.8567,5.1882,1.7485,0,0.95362,2.1141,30.978,0.27972,8.6257,0,1.7164,0.44244,0.13475,5.4292,1.1618,0,6.5436,2.8795,51.701,2.074,4.6693,1.8947,0.30988,12.232,11.731,0.86151,0.72381,0.56725,0.5646,1.9681,0,4.1161,1.0362,0,1.4596,0.79018,1.0999,0,1.7354,0,0.42557,0.822,7.2096,1.1268,2.6362,3.302,1.9286,0,0.042572,0,1.4131,0.96547,2.4036,0.72186,1.8307,1.4541,0,2.5618,0,0,0.46394,1.1839,0.72621,2.7138,4.334,1.8652,1.8636,1.5137,0.26836,1.9136,2.8393,1.5469,7.6068,15.685,0.39177,2.1756,0.64122,1.653,4.5286,5.0649,8.416,12.364,2.4954,1.4903,3.7529,3.8742,1.3197,4.2703,0.65026,1.8172,3.9611,16.472,1.0318,9.3762,0,4.159,1.6445,1.3856,5.5328,1.7082,1.1311,0,11.84,3.0549,1.7865,0.49416,8.3999,0,1.8514,0,0.25619,2.1103,1.8997,0.62118,2.2938,5.9742,1.5839,2.0228,1.4099,0,6.1915,1.7657,3.2804,1.7518,2.2229,1.8828,2.084,2.0369,3.4514,1.8716,1.8115,3.0507,1.7051,3.1713,3.0686,3.8743,1.483,2.8245,0,1.7208,1.0421,5.8358,0,3.4632,1.4698,0.4625,1.4882,7.6805,1.0005,2.8097,2.8754,0,13.674,1.3943,0.30057,0
46.312,35.548,1.4496,2.0664,2.6385,1.125,2.498,5.9208,0,1.0682,0,0.69234,1.4142,2.5228,0.35984,0,1.7866,0.6559,0.41659,0.18231,12.879,2.2052,0.83353,2.9977,0,0.61791,0.71161,0.62749,0,1.1956,1.1256,4.4456,10.512,0,2.2804,3.0013,1.1347,0.66798,0,4.0524,2.9518,0,10.084,0.75431,0.73236,1.0842,19.451,0.50882,3.9517,6.9931,0,1.1513,1.8609,1.2265,9.3347,0,4.4969,1.4799,3.6422,4.2161,0,1.3307,0.99862,0,0.81898,2.3486,1.8449,0.59296,19.917,1.2944,5.3314,0,1.1694,8.6242,1.5878,0,0.56726,1.6353,36.139,0.4128,0.86778,0,0.94203,0.57265,0.32281,6.6157,1.3184,0,10.82,4.0228,1.1372,1.2441,3.4479,3.4394,0.57937,8.2244,2.5894,2.0905,1.2441,0.69215,0.8004,2.3476,0,3.0181,1.1541,0,1.1103,1.1916,1.3078,0,1.2561,0,0.35562,0.84581,8.9456,1.7036,1.7082,2.5665,1.1982,0,0.050958,15.354,1.0375,1.1932,1.9816,1.0846,2.6485,2.1331,0,2.5447,0,0,0.31733,1.7481,1.6083,3.8169,2.682,1.7755,2.0125,1.104,2.6451,1.9427,4.0472,0.92128,7.0702,38.306,0.46356,1.8679,12.516,2.656,5.1974,3.7573,2.5796,12.818,1.2922,1.8439,3.6575,3.0942,1.3146,3.6371,0.7238,1.9427,2.7686,1.8303,1.276,6.1792,0,2.1454,2.0568,1.9215,5.5196,1.0792,1.3943,0,8.6729,1.2958,1.3151,0.56964,7.1634,0,1.8059,0,0.66124,2.4205,1.9697,0.72936,1.9379,9.3727,5.7829,2.9637,2.1756,0,2.9914,1.7256,1.7008,1.4174,2.0165,1.5961,2.1286,1.2534,3.8101,1.5468,2.612,4.9397,2.481,4.6594,4.8825,6.1347,1.8681,2.5171,0,3.4533,1.5481,4.183,0,4.7216,1.2283,0.32141,1.3107,8.2202,1.3487,1.7801,4.0484,0,22.403,34.533,0.48857,0
0.68304,1.2804,2.3727,47.962,0.96326,13.817,1.264,10.089,1.0682,0,0,0.53579,1.7415,3.1573,0.2929,0,1.4627,0.53828,0.35342,34.587,1.3939,2.6345,0.66938,2.489,0,0.50815,0.56005,0.69033,16.537,1.002,0.94935,5.0108,5.1298,0,2.7161,1.8347,1.3357,0.83569,21.671,4.6971,2.545,0,5.1341,0.64253,0.63287,1.2758,0.017214,0.63429,4.6378,5.7402,0,1.3057,2.3082,1.5248,6.9684,0,5.3029,1.4857,3.5442,5.3493,0,1.2953,24.031,9.7158,0.98869,3.2482,2.0995,0.68925,1.1956,1.4785,5.6896,0,1.1552,4.664,1.4645,0,0.76966,1.4738,27.264,0.36414,0.98439,0,1.085,0.24909,0.28262,5.5935,1.6415,0,6.7107,4.0987,1.2157,1.406,4.3014,3.0912,0.86142,12.364,3.3073,1.6195,0.83011,0.47308,1.6624,1.9752,0,4.2873,1.5,0,1.0587,1.1233,1.0211,0,1.187,0,0.4237,0.72073,5.8189,1.3003,1.7593,3.1835,1.6555,0,0.041265,0,0.8558,1.1053,1.5894,0.91359,2.412,2.0568,0,2.8649,0,0,0.27368,1.4107,1.435,3.2329,24.999,1.5672,1.2391,0.97699,0.12593,1.9909,5.2079,1.0484,8.7716,29.474,0.57312,1.5643,0.39344,2.345,8.2293,5.2719,2.6873,15.421,1.7202,2.5724,4.0377,3.8382,1.1691,3.3035,0.88508,1.9613,3.2528,2.2101,1.5503,5.0501,0,2.0201,2.928,2.2623,5.384,0.98492,1.2813,0,12.211,3.1959,1.0596,0.39918,7.8473,0,1.5231,0,0.39877,2.0999,1.6231,0.90068,1.6505,6.7333,2.1336,2.034,1.6948,0,6.6122,1.1875,2.1126,1.8791,1.9822,2.1722,2.5052,1.0781,5.3698,1.9774,1.7737,2.1145,2.1987,2.1145,2.1145,5.0851,1.6352,2.0585,0,2.2915,1.2137,3.4963,0,4.3615,1.3339,0.42574,1.0622,11.614,1.1178,2.5183,4.7746,0,18.396,1.2534,0.18851,0
98.339,0,0,0,21.836,0,4.5821,78.213,0,0,0,0.56447,14.601,2.62,0.58228,10.407,32.019,7.782,12.441,0.19074,1.1356,8.0632,23.506,3.22,0,0.96066,0.59762,16.852,0,1.1433,1.0578,6.2151,6.4746,17.23,2.6888,2.8041,1.3616,8.898,0,7.7843,10.731,0,3.721,1.3215,1.4774,1.2485,0.018392,0.61225,38.171,4.2066,0,13.571,0.83669,1.3607,6.5001,0,4.3955,1.1047,3.6897,3.9745,0,15.091,1.1368,0,24.675,1.8961,3.3776,1.2532,0.81821,1.3918,28.414,0,1.2327,7.328,1.6996,0,0.97002,1.2131,25.979,0.26792,8.2013,0,1.1546,0.60585,0.19299,5.5854,1.155,0,6.3602,3.5797,19.516,1.851,4.4918,2.5018,0.45815,7.918,20.175,1.4193,0.86411,0.41538,0.90701,2.7116,0,3.9264,1.2081,0,0.787,0.75096,1.057,0,1.4154,0,0.55582,0.78253,5.3724,1.2494,3.0618,3.1622,2.1228,0,0.055379,0,1.9417,0.69761,2.3638,0.6188,1.3976,1.2244,0,2.3555,0,0,0.41654,1.3208,0.98819,2.8027,5.6866,1.3531,2.5916,1.133,0.18941,1.9067,3.7071,1.9891,3.8689,23.768,0.59053,2.2537,0.80485,2.214,4.2045,5.5118,11.907,10.088,1.7523,1.5365,2.095,3.6852,1.3267,3.8802,0.97997,1.8049,1.5843,16.298,0.97712,13.093,0,2.9594,1.6064,2.6626,3.834,1.2663,1.027,0,9.2583,2.6532,0.88066,0.66153,3.8444,0,1.8993,0,0.38729,1.4861,1.9189,0.9328,1.6037,4.082,1.0829,1.8345,1.5699,0,5.1545,1.3227,15.101,2.4667,1.3514,2.6024,1.9966,1.4807,1.9169,2.6176,1.0729,4.1689,1.4204,4.401,4.2033,5.3874,1.9845,1.9385,0,2.1764,0.68073,4.5421,0,2.4356,0.96911,0.30859,2.6438,4.9598,0.59076,2.1211,5.9441,0,13.689,1.9315,0.40608,0
0.6195,65.581,0.2729,0.70345,5.4182,0.29532,0.5706,3.0209,0.69234,0.53579,0.56447,0,0.8126,2.6478,48.889,0,58.809,36.867,9.2664,0.23538,4.6727,2.3875,0.91746,24.931,0,52.723,0.68801,0.36693,0,16.783,10.976,4.6899,5.6248,0,2.3938,3.6258,1.1988,0.74697,0,4.4536,3.9144,0,6.5043,53.394,5.9,1.1574,0.019383,15.919,4.6071,5.1568,9.5507,1.2622,1.7292,1.276,6.4535,0,2.0239,1.491,3.6703,4.3869,0,1.5732,1.0031,0,0.9382,2.3307,1.9229,1.2006,0.96535,1.5127,4.9266,0,1.7738,9.9773,1.8594,0,0.55436,2.2233,19.219,0.46352,1.0483,0,1.087,11.258,0.29382,6.8872,1.3261,0,10.403,2.8865,1.4074,1.4732,4.1772,3.7315,0.46969,4.3289,1.6919,2.2817,0.85112,0.26977,1.3727,0.89314,0,3.9225,1.1799,0,1.1651,1.105,1.3397,0,1.7165,0,0.52007,0.91369,3.9101,1.3752,2.06,3.0035,1.1749,0,0.05407,0,1.2783,0.49496,2.5466,0.76526,0.89532,1.2945,0,2.0055,0,0,0.45361,1.4148,1.6134,3.4536,4.6211,2.089,2.3297,1.4732,0.14183,2.0909,3.3727,1.8763,6.1462,21.647,1.0275,2.6742,0.79742,1.7681,5.531,4.1461,2.7276,10.568,1.785,1.8193,3.8982,3.9807,1.8475,4.2061,1.7455,2.0169,3.0969,1.8537,1.0303,13.66,0,2.2751,1.9475,1.9534,5.8423,1.5224,1.1539,0,6.9201,2.2537,1.3785,0.7132,8.1992,0,2.2236,0,0.67211,2.3981,2.2557,1.6595,2.4738,6.2728,1.2183,2.5776,1.5467,0,6.5442,0.88341,1.1365,0.99173,2.1689,1.8283,1.8826,1.0485,2.795,1.786,1.8258,4.2586,1.1044,4.4188,3.9613,7.6467,2.1842,3.1832,0,1.8483,1.1109,6.142,0,3.5615,1.0694,0.35636,1.4946,6.9019,0.94308,1.1259,4.1503,0,17.333,2.8229,0.4008,0
1.2345,1.0699,0.87732,1.9303,1.6665,0.78086,30.402,6.3309,1.4142,1.7415,14.601,0.8126,0,8.7688,0.48092,0.5269,1.4351,0.91502,0.17318,0.28058,1.1916,2.6469,13.161,1.2939,0,0.80733,0.90601,0.30575,0,0.50042,0.47101,4.6668,3.9831,0,2.939,2.9315,2.3236,15.893,0,4.9665,15.229,0,4.7085,1.0595,1.123,1.3854,0.01473,0.8966,2.2074,4.3766,0,1.474,48.106,1.4924,6.4157,0,6.0598,1.1762,4.3647,4.8023,0,1.5436,1.3637,0,1.0824,2.7279,2.7275,1.224,1.054,1.2654,5.9393,0,1.4385,7.1884,1.3952,0,0.81968,2.6427,24.955,0.33222,1.0015,29.345,9.4038,0.37966,0.25118,3.7063,1.0317,0,7.8982,2.9038,1.5517,1.5498,6.4808,2.4098,0.65296,6.5415,1.6295,1.0469,0.68808,0.23696,1.3184,1.7593,0,4.3925,1.2809,21.082,2.1014,0.95347,1.031,0,1.1536,0,0.68655,0.85975,5.1255,1.0928,1.6151,3.378,1.8368,0,0.049813,0,0.7967,0.43202,1.4574,0.69177,1.1135,1.5004,0,2.5171,0,0,0.25912,1.1488,1.2121,3.2395,4.4492,1.4457,1.6889,0.93054,0.12184,1.9262,2.9178,1.8184,10.721,23.599,0.74361,1.9337,0.57561,1.5545,6.0308,4.0156,2.7206,13.387,39.287,2.0687,4.7316,3.5857,1.0415,3.114,1.1961,1.8685,3.401,2.3212,1.0157,9.3469,0,2.588,2.4661,3.0926,6.2391,0.96214,1.0219,0,4.9178,2.2557,2.0533,0.85713,8.6993,0,1.3569,0,0.35522,1.9578,1.9743,1.1488,2.0226,5.6113,1.3084,1.7796,1.3253,0,5.7927,1.089,2.5505,5.1487,2.7651,2.2513,2.2352,1.0181,3.924,2.1696,1.566,2.9119,1.3805,2.9798,2.9814,6.125,1.0889,1.8939,0,1.8564,0.97679,3.416,0,3.3088,0.59324,0.18161,0.98141,6.4886,1.0127,1.3431,8.1712,0,11.628,1.8273,0.2702,0
3.0325,2.1246,2.3238,3.1419,3.5518,1.7922,3.455,7.1515,2.5228,3.1573,2.62,2.6478,8.7688,0,1.1096,1.8649,1.4658,0.61263,0.27426,0.24663,1.1825,2.5331,0.81963,2.1777,0,0.47808,0.7558,0.56348,0,0.85751,0.78185,26.085,3.7132,0,2.2542,2.2716,1.1669,0.86025,0,4.2049,5.0754,18.991,3.6398,0.674,1.1287,1.1162,0.01368,0.8252,2.3021,4.6539,0,1.1935,30.441,1.165,5.9008,0,2.9337,0.98238,4.4766,3.9373,0,0.76659,1.006,0,0.48656,2.2138,36.441,1.0069,0.80393,1.0704,5.6978,0,1.3118,6.1497,1.3409,0,0.70025,12.441,25.259,0.25821,0.80546,0,0.59449,0.41864,0.19562,3.4761,0.78909,0,6.0088,3.1549,1.1235,1.3405,11.545,2.3625,0.5272,6.831,2.9581,1.1146,0.68285,0.2605,1.022,1.9315,0,2.1609,1.0474,11.042,4.8633,0.78885,1.139,0,0.73143,0,0.54661,0.67867,4.7908,1.0264,1.7585,3.1737,1.497,0,0.045375,0,1.1331,0.47142,1.6406,0.63486,1.2851,1.4557,0,2.2784,0,0,0.27837,1.0852,0.94542,3.2654,4.0505,1.44,1.8623,0.67061,0.13034,1.7108,2.8959,1.4602,9.9354,21.568,0.58682,1.7594,0.59753,1.3829,5.2525,3.4856,2.8204,10.643,1.0268,1.6866,5.6125,2.9165,0.91899,3.0076,0.9283,1.6756,2.6977,1.7817,0.92057,8.2939,0,2.0464,2.0226,3.7721,8.6191,0.68814,0.91396,0,6.0843,2.2866,1.5298,0.62423,4.9716,0,1.2403,0,0.30923,1.8561,1.4078,0.91408,1.4248,5.3078,1.2094,1.5148,1.2175,0,5.8804,1.2809,1.0553,1.7609,3.008,1.9334,2.0468,1.2295,2.0234,2.1641,1.4462,3.1634,1.2623,3.2513,3.2383,5.6704,1.071,1.9992,0,1.9339,0.89765,3.3855,0,3.055,0.74424,0.2342,1.5909,4.8816,0.89113,1.7879,5.9243,0,10.595,1.5653,0.29622,0
25.308,15.438,0.53266,0.49745,26.401,0.50217,0.58773,5.781,0.35984,0.2929,0.58228,48.889,0.48092,1.1096,0,9.0289,29.688,20.457,42.676,0.19912,1.8626,2.4413,1.3626,37.442,0,12.636,0.49726,0.74154,0,56.326,50.225,5.727,2.5081,0,3.0441,2.4094,1.499,0.46723,0,5.186,2.4428,0,4.2139,14.196,10.223,1.2764,0.017208,19.769,2.7896,4.7785,3.6669,1.3467,1.1022,1.5644,6.5542,0,3.6673,0.95765,3.5716,4.8213,0,1.1111,0.9997,0,0.58284,1.7211,2.5322,0.87832,0.9121,0.8203,8.1425,0,1.3957,5.9293,1.7902,0,0.61427,1.6328,28.425,0.30312,0.46542,0,0.70557,8.0296,0.20612,3.2861,1.7257,0,6.6359,1.7214,1.224,0.8111,3.4438,2.8143,0.46642,8.5542,2.9502,1.5746,0.52564,0.52727,1.0143,4.5814,0,2.2687,1.35,0,0.74219,0.79134,1.2428,0,0.8587,0,0.52217,0.85759,7.0783,0.91896,2.6109,3.9899,1.3836,0,0.028734,0,2.0106,0.8689,1.6859,0.80747,1.5764,1.2076,0,2.8531,0,0,0.35436,0.94187,1.0988,3.3332,3.0275,1.4337,0.96575,0.82647,0.22929,0.99564,2.6383,1.3622,3.9374,14.118,0.67414,1.162,0.39765,1.8671,4.3557,5.2132,4.3682,10.782,1.3053,1.3714,2.9004,5.3989,6.456,3.844,1.1356,1.0032,3.1461,0.9527,1.1022,9.4995,0,3.1945,1.459,1.9789,4.3912,0.86299,1.7284,0,11.082,1.4345,1.5317,0.56586,5.9537,0,27.515,0,0.44676,1.8576,1.153,1.0737,2.0528,8.3767,2.0698,2.0482,1.8893,0,4.6282,1.3347,1.9218,1.4947,1.6011,1.2895,1.8123,1.4473,3.4509,1.2895,2.9771,1.6481,25.605,1.6481,1.6481,5.8862,1.2574,2.0422,0,1.1136,1.5999,4.7579,0,4.9401,1.0448,0.3201,2.1981,9.9224,1.2385,1.7726,4.8535,0,21.118,1.5934,0.16762,13.428
9.9054,0,0,0,35.837,0,33.838,4.8313,0,0,10.407,0,0.5269,1.8649,9.0289,0,3.6658,16.292,9.7917,0.26075,0.906,2.5477,0.88936,1.425,0,0.9595,0.7299,14.799,0,0.51249,1.7953,4.9898,4.7551,0,14.451,3.8441,20.565,0.78144,0,27.833,3.3531,0,6.0417,0.8022,8.6533,21.481,0.018576,0.43529,4.9287,4.4163,0,24.129,2.0175,6.3158,5.4452,0,5.2305,1.5415,4.3239,5.2525,0,1.6072,1.1724,0,0.99671,2.5379,2.0526,1.2911,1.3882,18.016,5.5432,0,1.5199,9.8007,1.5774,0,0.6034,2.4981,19.111,0.42926,1.0386,0,1.105,0.32636,0.29035,6.0779,8.1838,0,10.297,3.051,1.5751,1.5102,3.472,3.8206,0.69806,4.2684,3.1492,2.0043,0.83919,0.26584,1.4614,1.5036,0,8.5839,1.4647,0,1.1943,1.0766,1.0988,0,1.3569,20.091,0.75475,0.76757,6.0956,1.3588,2.0354,3.4036,1.2837,0,0.047956,0,1.1093,0.4877,2.1313,0.84021,0.88887,1.3674,0,1.9961,0,0,0.35208,1.4175,1.6412,3.6489,4.9923,1.7987,1.6436,1.1627,0.13972,1.8861,3.5975,1.9911,7.0279,21.688,0.94296,1.6963,0.72906,2.074,5.8841,5.1273,3.0451,12.273,1.7838,1.9733,4.2411,3.9798,1.8285,3.5009,1.5589,1.8163,3.1148,2.0764,1.1162,14.412,0,2.2412,2.1422,2.1094,6.2637,1.2514,1.1362,0,6.8104,2.4967,2.2322,0.77527,8.6079,0,2.4433,0,0.41584,2.3116,2.0786,1.4589,2.571,6.1851,1.2126,2.5152,1.5945,0,7.5129,0.87681,2.0525,0.96517,2.3586,1.9419,2.0076,1.0349,2.9782,1.0573,1.8167,3.4018,1.099,3.5974,3.68,4.715,1.7688,2.531,0,1.842,1.1054,4.3384,0,3.5447,1.2396,0.43706,1.4022,7.9773,1.0621,1.1164,4.5302,0,14.539,2.5669,0.33701,0
87.637,64.304,1.4688,1.7827,7.899,0.80334,1.7207,39.868,1.7866,1.4627,32.019,58.809,1.4351,1.4658,29.688,3.6658,0,19.495,30.195,0.57266,1.8529,2.6768,1.049,59.437,0,40.765,0.68251,0.70607,0,36.082,18.914,6.5951,4.9523,2.8245,2.3336,3.1339,1.2181,0.71678,0,4.6647,3.2583,0,3.7635,27.41,11.199,1.1859,0.010198,59.074,4.3839,4.7741,32.335,1.323,1.4647,1.2042,6.3065,0,2.1119,1.2927,3.6994,4.1386,0,0.65851,1.0269,0,0.90466,2.1583,2.0179,1.0241,0.81279,1.2603,8.4729,0,1.437,8.4134,1.7449,0,0.54877,1.6563,22.89,0.27113,20.455,0,0.60043,0.46567,0.25391,3.8884,1.0268,0,6.4018,2.5784,1.2809,0.86857,3.5074,2.1624,0.42712,3.89,3.0287,1.7967,0.74083,0.40905,1.2228,1.8495,0,1.513,1.0879,0,1.1284,0.73857,1.1924,0,1.6007,0,0.57949,0.77397,6.567,1.2096,2.9161,2.8571,1.1673,0,0.043086,0,1.5336,0.70717,0.8518,0.70085,1.4117,1.2037,0,2.1277,0,0,0.16672,1.2419,0.96252,2.921,3.8448,1.6029,2.1077,1.2922,0.18502,1.5498,3.2401,1.5364,5.9092,17.662,0.83132,1.1175,0.64744,0.99836,5.238,3.528,4.269,10.37,0.78661,1.6681,3.0002,3.5495,0.95615,2.9136,1.4124,1.6435,3.6507,2.6153,0.96409,11.021,0,1.7459,1.8219,2.8096,4.525,0.59446,0.99026,0,5.5509,1.8451,1.3694,0.61017,6.0563,0,1.1161,0,0.57667,2.3405,1.6157,1.3373,2.3941,7.4028,1.8622,1.3789,1.2331,0,4.393,0.97469,2.1057,1.363,1.6582,1.5944,1.7391,0.98387,2.774,1.5784,2.6598,3.0955,1.6985,3.1012,2.9254,7.736,2.2127,2.2226,0,1.6176,1.3203,2.1193,0,4.2167,0.57376,0.17131,1.6978,6.3133,0.8554,1.2449,6.0619,0,19.069,2.2819,0.30205,0
41.265,9.5318,1.0047,0.94991,31.233,0.9407,1.1592,7.9852,0.6559,0.53828,7.782,36.867,0.91502,0.61263,20.457,16.292,19.495,0,56.128,0.19849,1.8062,2.5011,1.2973,26.539,0,7.4978,0.49804,0.75128,0,42.406,58.332,5.3517,2.5303,0,3.0538,2.2995,1.5034,0.74852,0,5.535,2.1624,0,4.0555,9.7771,13.656,1.3918,0.016631,8.7079,3.0845,4.5535,0,1.413,0.98023,1.5699,6.3704,0,3.7172,0.91187,3.5951,4.8902,0,1.1161,1.0112,0,0.64346,1.7095,2.7302,0.85899,0.9141,0.78241,7.7305,0,1.3247,5.6469,1.7229,0,0.60481,1.6268,28.751,0.29185,0.47848,0,0.77784,4.5563,0.201,2.9103,1.7077,0,6.7926,1.6895,1.2384,0.87698,3.4364,2.7432,0.46057,8.6769,3.1356,1.509,0.50467,0.50743,0.99752,21.141,0,2.513,1.356,0,0.76673,0.77137,1.1734,0,0.94489,0,0.52174,0.82462,6.8707,0.87777,2.4728,2.9717,1.357,0,0.029368,0,2.072,0.82189,1.5058,0.77688,1.5733,1.1907,0,2.9094,0,0,0.34373,0.90028,1.0726,3.2481,2.8967,1.3952,0.96549,0.91537,0.21961,0.92046,2.6216,1.2971,3.6401,14.429,0.64732,1.192,0.38484,1.8792,4.3044,5.1151,4.1576,10.97,1.3206,1.3596,2.8023,5.2327,30.704,3.7288,1.0844,0.93511,3.2039,0.89086,1.0707,9.5071,0,3.0983,1.4527,1.963,4.3748,0.95628,1.6661,0,10.983,1.3735,1.5779,0.57061,5.9867,0,2.4245,0,0.42468,1.8016,1.1784,1.0255,1.944,8.0978,2.0299,1.9701,1.8924,0,4.5771,1.3416,2.0341,1.472,1.6002,1.2309,1.8072,1.4172,3.5413,1.2309,2.9459,1.6476,2.4734,1.6476,1.6476,5.6284,2.1718,1.9813,0,1.1173,1.5738,4.5486,0,4.8517,1.0394,0.3242,2.2288,9.997,1.2655,1.798,4.5435,0,20.486,1.5176,0.16451,7.8031
21.932,1.8787,0.1693,0.45406,15.698,0.18686,3.5563,5.4612,0.41659,0.35342,12.441,9.2664,0.17318,0.27426,42.676,9.7917,30.195,56.128,0,0.34847,0.85817,2.46,0.93762,4.8128,0,10.438,0.6736,4.0061,0,11.851,15.992,4.7372,4.8189,0,2.5622,3.6483,1.2717,0.74447,0,4.8061,4.0735,0,5.9236,14.727,53.339,1.2354,0.018392,0.3968,4.6592,4.4944,0,1.364,1.7878,1.3721,5.6257,0,1.9642,1.4811,3.7442,4.7213,0,1.6127,1.0311,0,0.94332,2.3179,1.9389,1.2132,1.3345,1.6492,4.9651,0,1.5309,9.6399,1.6411,0,0.55915,2.2712,18.153,0.41891,1.0956,0,1.0773,0.50568,0.27549,5.9913,1.3183,0,10.08,2.8413,1.4607,1.4986,4.2889,3.6837,0.63401,4.2896,1.5939,2.0605,0.82027,0.26822,1.3208,13.054,0,4.1923,1.2659,0,1.1906,1.0271,1.14,0,1.488,0,0.71901,0.79111,3.6931,1.3359,2.0884,3.25,1.1874,0,0.047381,0,1.1911,0.49234,2.3392,0.73659,0.85372,1.248,0,1.8827,0,0,0.39152,1.382,1.55,3.3514,4.6774,1.9078,1.9502,1.2709,0.14124,1.8979,3.2553,1.9034,6.297,20.284,0.92102,1.9845,0.73033,1.8036,5.3142,4.3242,2.7436,11.041,1.7463,1.7984,3.9563,3.7826,9.0301,3.6787,1.549,1.8055,3.1349,1.9829,1.0158,13.95,0,2.2656,1.9522,1.9663,5.8819,1.3876,1.1507,0,6.9243,2.2982,1.4126,0.73471,8.3944,0,2.0316,0,0.59661,2.2148,1.9279,1.4515,2.1022,5.9214,1.1432,2.4785,1.486,0,7.0058,0.84377,1.9028,0.98758,2.2375,1.8614,1.892,1.0336,2.7851,1.8107,1.716,3.591,1.0381,3.9783,3.7578,6.6914,1.8846,2.6945,0,1.7407,1.0436,5.4508,0,3.3428,1.0948,0.37819,1.5018,7.0275,0.9479,1.0815,4.2006,0,14.912,2.6098,0.3495,0
0.50756,0.29648,8.8284,30.36,0.28989,37.794,0.26401,2.7452,0.18231,34.587,0.19074,0.23538,0.28058,0.24663,0.19912,0.26075,0.57266,0.19849,0.34847,0,0.72505,1.9561,0.84796,3.4076,0,0.79638,0.58469,0.8705,17.667,1.223,1.0351,4.2764,4.8377,0,2.2484,9.7896,1.1103,0.98037,7.6802,3.8795,2.9794,0,4.3281,1.0596,1.0984,1.0545,0.023992,0.40311,5.5379,3.9133,0,1.0981,1.3397,1.2349,4.9578,0,3.958,1.0068,33.951,6.0134,0,1.1691,0.60168,0,1.1568,2.3436,1.7808,0.79802,1.0546,1.8075,3.0958,0,0.6531,6.7635,1.4929,0,0.60639,1.6761,36.046,0.3248,0.9226,0,1.2473,0.44999,0.15569,3.6809,1.2055,0,6.6797,4.507,1.4686,1.5832,2.1013,3.0557,0.63364,8.1758,3.7525,1.2464,0.77767,0.67457,1.347,1.8598,0,3.6607,1.7394,0,1.1273,0.60594,0.75285,0,1.4187,0,0.4353,0.79356,5.5903,1.1886,1.5395,2.3137,1.2741,0,0.039689,0,1.0688,0.42257,1.4852,1.2176,2.0455,1.6298,0,10.642,0,0,0.32545,1.287,1.4111,3.2523,27.066,1.1671,1.5329,1.1715,0.3295,1.3622,6.6291,1.3195,5.4545,20.215,0.70142,1.4425,0.63725,2.037,5.8266,2.1267,1.6528,13.725,0.77072,1.9535,2.8727,4.5268,1.1393,3.9205,1.1771,1.3881,2.2924,1.4269,1.0802,9.8037,0,3.9215,1.9056,2.1494,4.9254,1.1597,1.36,0,12.561,2.3404,1.51,0.62351,7.3235,0,1.5033,0,0.40859,1.4591,1.4998,1.0797,0.97951,6.2384,0.82293,2.614,1.6241,0,3.1446,2.1468,2.2932,2.063,1.817,1.7115,1.9687,1.7207,1.8211,1.5842,1.2661,3.241,1.4223,3.2873,3.3902,3.1522,1.9424,1.7475,0,1.8547,1.1947,4.1486,0,4.1171,1.6509,0.48625,1.3176,10.159,1.3953,1.0812,3.9595,0,12.934,2.6152,0.36417,0
3.753,49.455,1.973,1.7474,1.0436,1.9614,1.7065,1.9576,12.879,1.3939,1.1356,4.6727,1.1916,1.1825,1.8626,0.906,1.8529,1.8062,0.85817,0.72505,0,1.7358,0.85063,11.484,0,12.272,0.49042,0.51291,0,0.68817,0.55069,4.1225,61.207,0,2.0285,1.6714,1.0306,0.58752,0,3.7474,2.7121,0,5.2525,1.5184,1.4089,0.98939,0.026546,0.86054,3.4975,14.574,0,1.0605,1.2315,1.083,13.792,0,2.3633,0.98427,1.9738,3.72,0,0.68678,0.60103,0,0.72495,1.143,1.6872,0.7801,0.60472,1.5981,5.0653,0,27.254,6.6135,1.9422,0,0.4957,1.5246,24.312,0.38687,0.81215,0,0.84502,0.24773,0.15234,5.0376,1.0979,0,7.758,2.7119,1.3451,1.1721,3.0821,3.4232,0.44836,5.8898,2.3185,0.75429,0.79339,0.58708,0.54015,0.97178,0,2.2595,0.998,0,1.0062,0.97183,15.93,0,1.2795,0,0.59236,1.1826,24.127,1.1861,1.6466,3.1208,1.0472,0,7.8741,0,1.5391,1.2387,1.7435,0.74608,1.5608,0.78242,0,2.1175,0,0,0.37321,1.2118,1.107,1.7889,3.7123,0.76501,25.547,0.98938,0.25188,1.5689,1.6029,1.2455,4.9651,19.586,0.4287,2.3232,0.80865,1.6515,2.5329,2.1003,2.4684,10.618,1.0302,0.98602,2.6005,4.3916,1.304,5.4981,0.74433,1.6206,2.4583,1.4098,0.9589,5.4559,0,3.4744,0.95732,2.1823,4.3446,0.9109,1.2092,0,7.4453,1.8073,1.2145,0.65891,6.0353,0,1.658,0,0.25846,1.0199,2.4805,0.68405,2.5168,6.3696,1.8105,2.1618,1.4987,0,3.0763,1.3505,1.538,1.189,1.5707,1.7848,2.1276,1.6556,2.5223,1.7285,1.2664,3.9966,1.71,1.8127,3.7352,7.1567,1.8735,1.1533,0,1.8458,1.1029,4.4535,0,3.4447,1.2981,0.37268,1.4218,6.7937,0.85754,1.1833,3.7621,0,17.506,1.7773,0.44779,0
16.58,3.5055,2.2019,2.2233,3.6463,2.0857,3.6588,21.132,2.2052,2.6345,8.0632,2.3875,2.6469,2.5331,2.4413,2.5477,2.6768,2.5011,2.46,1.9561,1.7358,0,36.04,2.6912,0.20575,0.80796,0.53622,0.69974,0,0.94623,0.86701,10.297,5.4193,21.924,1.1405,2.0348,0.59332,0.8034,0,2.4992,3.8034,0,3.2704,1.1012,1.2002,0.60144,0.015869,0.58895,4.9561,3.6385,0,0.6063,1.7073,0.64459,5.798,0,3.5172,0.95829,2.9686,2.7252,0,52.65,0.87168,0,1.0205,1.6891,3.0774,0.8233,0.71427,1.1672,11.747,0,1.0577,6.2982,1.4924,0,0.64725,1.7898,22.639,0.23448,0.98777,0,1.3478,0.50973,0.17043,4.9065,0.99895,0,5.4797,3.153,1.0083,45.528,4.5958,2.1497,0.42359,6.7059,2.9644,1.2147,0.7481,0.3567,0.78701,2.2696,0,3.4172,0.69989,0,1.2432,0.66553,0.90454,0,1.2126,0,0.4763,0.67191,4.8113,1.085,2.7975,2.5966,1.2983,0,0.047079,0,1.1742,0.60502,1.5841,0.74604,1.2162,1.0146,0,1.8409,0,0,0.35318,1.146,0.8598,2.4048,4.0598,1.1996,2.0955,1.1601,0.16548,1.6651,2.3119,1.2669,7.4664,20.393,0.51281,2.001,0.68733,1.8333,3.6358,2.2245,1.4933,12.703,1.8304,1.2333,3.7617,3.2761,1.1275,3.3362,0.84807,1.5849,1.4782,2.1357,0.78858,8.917,0,2.5605,1.5036,1.2147,5.2312,1.3097,0.88459,0,7.6428,1.7219,1.8257,0.555,6.3017,0,1.648,0,0.33454,1.4298,1.6815,0.80775,1.5195,3.8431,1.0398,1.5612,1.4088,0,3.9216,1.1383,2.1388,1.3597,1.761,1.5053,1.6939,1.6279,2.8181,1.5384,1.0164,3.3766,1.2737,3.5264,3.4053,4.6282,1.6908,1.6767,0,1.8493,0.64631,3.8167,0,2.3235,0.82811,0.25843,1.8791,6.0799,0.92859,2.3848,3.2422,0,11.943,1.6384,0.33085,0
0.95768,1.7005,0.96546,0.98692,0.5671,1.0476,1.3152,2.7431,0.83353,0.66938,23.506,0.91746,13.161,0.81963,1.3626,0.88936,1.049,1.2973,0.93762,0.84796,0.85063,36.04,0,1.6161,0,1.0411,0.52889,0.38797,0,0.84376,0.7721,20.976,2.3209,11.572,2.263,2.0421,1.1946,15.888,0,4.4424,39.098,0,3.136,1.4,1.4562,1.1512,0.013113,0.61137,10.746,3.445,0,1.2835,19.783,1.149,3.4371,0,3.8381,0.92672,3.0123,3.8659,0,22.945,0.8985,0,13.102,1.6186,2.8682,0.86706,0.69186,0.87884,7.2596,0,1.0255,5.8939,1.3386,0,0.68875,1.9842,24.237,0.22755,1.1909,0,32.37,0.20372,0.16884,3.7772,1.1949,0,5.1824,1.7291,1.2979,2.0215,4.8017,2.0894,0.40569,7.18,2.1908,1.1088,0.55658,0.40744,0.78129,0.84182,0,3.6537,1.0196,0,1.7718,0.65971,0.85613,0,1.4963,0,0.48971,0.62377,4.859,0.94902,1.3704,2.828,1.5657,0,0.025368,0,0.97248,0.70018,1.2445,0.59812,1.2218,1.0232,0,2.4085,0,0,0.2467,0.99483,0.85179,2.3552,3.2273,1.1019,0.92016,1.1995,0.19842,1.7017,1.8893,1.3009,9.791,12.464,0.50012,1.399,0.41373,1.3499,3.6728,4.621,2.973,10.43,1.6023,1.2701,1.9315,4.048,1.1699,2.9582,0.82285,0.95994,3.1254,2.0447,0.8556,5.9812,0,3.1867,1.3948,2.1429,3.5242,1.3144,1.1684,0,8.2061,1.8519,1.5021,0.57257,8.8132,0,1.3677,0,0.32213,1.5508,1.7536,0.78384,1.4754,6.2923,1.3948,1.4531,1.3857,0,4.0179,1.1711,1.6291,1.0429,2.446,1.3801,1.7795,1.4464,3.4098,1.3801,1.8653,1.5703,1.329,1.5703,1.5703,4.3536,1.4087,1.5743,0,1.0489,1.1115,3.2819,0,3.7073,0.87106,0.26624,2.4556,8.4122,1.0122,1.868,3.2143,0,13.764,1.5099,0.16837,0
2.238,66.54,1.6445,2.8159,1.5407,1.379,2.8663,1.9452,2.9977,2.489,3.22,24.931,1.2939,2.1777,37.442,1.425,59.437,26.539,4.8128,3.4076,11.484,2.6912,1.6161,0,1.1844,59.547,0.61836,0.28078,0,15.794,9.0681,4.2665,6.1295,0,2.16,2.6033,1.0856,0.60358,0,4.0203,3.97,0,4.8108,41.802,1.558,1.059,0.016055,24.915,3.6603,5.6383,13.095,1.1854,1.7774,1.1449,6.1027,0,2.2727,1.096,4.0203,3.9486,0,1.1326,1.079,0,0.75327,2.0812,1.7458,0.87495,0.96398,1.1785,5.6044,0,1.8905,7.4997,1.733,0,0.50249,1.8695,23.439,0.3368,1.0402,0,0.87886,15.364,0.23275,10.829,0.9017,0,8.5903,2.7663,1.0708,1.3168,4.1878,2.7135,0.42358,3.794,1.4531,1.9676,0.70212,0.22289,1.2605,1.0645,0,2.9391,1.0512,0,1.342,0.88231,1.4186,0,1.4756,0,0.50459,0.85863,5.2245,1.0676,1.66,2.719,1.0611,0,0.061171,0,0.79731,0.40529,2.028,0.6878,1.1446,1.4764,0,2.0727,0,0,0.35259,1.1051,1.1441,3.6503,3.645,1.7655,2.5518,1.1925,0.11351,2.4072,3.1819,1.333,6.8767,23.9,0.77296,2.6288,0.69713,1.557,5.3513,3.6685,2.7933,9.4486,1.2373,1.6145,3.472,3.3043,1.0471,3.7478,1.2593,2.3442,3.0538,2.1052,0.92569,10.243,0,1.8208,1.7246,1.7668,4.672,1.1712,0.75303,0,4.7328,1.7879,1.2382,0.52117,5.8372,0,1.6484,0,0.55706,2.631,2.6186,1.2359,2.8178,5.6502,1.5689,1.9145,1.3716,0,4.8125,1.1183,1.0473,0.79372,1.6469,1.3917,1.6342,0.9929,2.5285,1.358,2.1135,4.1269,2.0864,4.1875,3.8385,8.6968,1.8641,2.3769,0,1.9766,1.0102,4.5946,0,3.2009,0.91505,0.27688,0.99523,5.5306,0.8411,1.3735,3.7439,0,12.104,2.127,0.36816,0
0,0,0,0,0,0,0,0,0,0,0,0,0,0,0,0,0,0,0,0,0,0.20575,0,1.1844,0,0.41816,25.329,0.52647,0,0.75855,0.69954,3.9738,3.5138,0,2.128,2.9062,1.0766,0.76766,0,3.7974,1.9875,36.15,4.2698,0.54857,0.54733,1.0248,0.013628,0.53772,3.9611,3.2762,0,1.062,2.2214,1.1284,4.0855,0,4.5938,1.1579,2.2654,3.837,0,1.05,1.283,0,0.86493,3.1123,1.9121,35.008,0.99592,0.64745,4.6378,0,1.2039,6.8252,1.1935,0,27.667,1.1552,21.222,0.30462,0.88093,4.9546,0.99495,0.20318,0.2329,4.1868,1.2002,0,5.0919,2.7679,1.1402,1.2514,4.3449,2.2365,0.67086,8.5673,2.8464,1.1984,0.64475,0.22359,1.2353,0.90517,0,3.3778,1.026,0,0.82658,0.88123,0.85829,0,1.0099,0,0.78628,0.5753,4.5474,1.0473,1.3732,3.8396,8.1575,0,0.041973,0,0.70682,0.78764,1.1952,0.65294,0.95288,1.3672,0,2.2458,0,0,0.21733,1.1064,1.184,2.7328,4.6948,1.1779,0.98941,0.80722,0.11592,1.5354,3.2635,2.1772,7.8111,21.104,0.50216,1.2293,0.50829,1.608,5.9704,3.4821,2.1596,10.275,1.539,2.3812,3.2914,3.3212,1.1736,2.6901,0.81604,1.5143,2.833,1.7058,0.99886,7.9672,0,2.6062,2.6962,2.0961,4.482,0.79923,0.91801,0,7.9435,2.1676,0.84611,0.32765,6.332,0,1.5257,0,0.314,1.6259,1.2824,0.7757,1.2974,5.1616,1.1519,1.6654,1.2057,0,4.6439,0.93343,1.8868,1.792,1.9518,3.167,5.4456,0.92864,5.2186,2.4016,1.4409,2.4057,1.5432,2.4351,2.4635,4.0564,1.3889,1.5474,0,1.6233,0.88593,2.8825,0,3.0905,0.53188,0.16045,0.85684,6.5308,0.91482,2.3791,2.9533,0,10.108,1.2387,0.22862,0
2.1949,28.118,0.91898,0.85382,1.1053,0.85006,0.98755,1.0058,0.61791,0.50815,0.96066,52.723,0.80733,0.47808,12.636,0.9595,40.765,7.4978,10.438,0.79638,12.272,0.80796,1.0411,59.547,0.41816,0,0.63557,0.62158,0,31.409,16.731,5.0684,2.3745,0,2.5646,2.1305,1.2665,0.42881,0,4.421,2.2749,0,3.8512,13.246,0.5526,1.1691,0.01562,41.796,2.5597,4.5894,35.208,1.1394,1.0263,1.3094,6.4414,0,3.1823,0.84455,3.0689,4.0305,0,0.95559,0.85922,0,0.53489,1.5227,2.2235,0.77232,0.84211,0.725,7.0207,0,1.3621,5.2304,1.6922,0,0.52633,1.4287,25.952,0.27558,0.42961,0,0.64762,17.033,0.1851,6.5285,1.5608,0,6.3905,1.576,1.0289,0.74578,3.0053,2.468,0.55508,7.1169,2.5281,1.5648,0.46841,0.44989,0.88216,1.8525,0,2.0809,1.1217,0,0.68912,0.71366,1.2139,0,0.78832,0,0.61711,0.83676,6.7386,0.81367,2.254,3.4407,1.1787,0,0.027632,0,1.8814,0.77141,1.5684,0.69993,1.396,1.0616,0,2.6103,0,0,0.33197,0.83468,0.96656,2.8808,2.6863,1.3372,0.9043,0.75818,0.19888,0.92529,2.3065,1.2013,3.6592,13.576,0.61026,1.3517,0.35786,1.6234,3.8034,4.3562,3.731,9.1932,1.1328,1.2098,2.5233,4.7285,1.6826,3.6212,1.0263,0.9319,1.4351,0.88481,0.94391,7.9914,0,2.7527,1.2792,1.7199,3.8345,0.79155,1.469,0,9.2442,1.274,1.3612,0.48789,5.1126,0,2.2078,0,0.41674,1.7479,1.1087,0.98213,2.0246,7.3685,1.9204,1.8087,1.7257,0,3.9246,1.1904,1.0547,1.2705,1.3814,1.1408,1.5868,1.2631,3.1618,1.1408,2.7515,1.5432,1.9889,1.5432,1.5432,5.611,1.1543,1.9163,0,1.0473,1.3929,4.2264,0,4.2589,0.89159,0.26919,1.7928,8.2377,1.1161,1.555,4.2496,0,20.135,1.4056,0.15346,0
0.71751,0.98278,0.40943,0.98093,0.57746,0.50553,0.69255,0.59705,0.71161,0.56005,0.59762,0.68801,0.90601,0.7558,0.49726,0.7299,0.68251,0.49804,0.6736,0.58469,0.49042,0.53622,0.52889,0.61836,25.329,0.63557,0,0.66733,0,1.0056,0.91968,3.3799,3.575,0,2.3691,2.1211,1.2258,0.91979,0,4.9152,2.9991,15.734,3.8103,0.85116,0.88763,1.223,0.017034,0.34494,5.0518,2.368,0,1.1996,1.455,1.3147,4.4983,12.387,3.9655,1.3201,1.6921,5.2215,0,1.2883,1.056,0,1.0698,2.3086,2.6574,23.536,0.84578,1.2644,3.3477,0,0.63754,7.7108,1.1915,0,27.245,2.1486,15.115,0.28727,0.72555,0,1.2429,0.29099,0.22081,3.3093,0.84753,32.043,4.8338,3.0376,1.0958,1.3374,2.1496,2.8399,0.516,6.7158,3.1497,1.1953,0.79459,0.33447,0.9138,1.2648,0,2.2896,1.3334,0,1.3315,0.84034,0.77646,0,1.1826,0,0.84035,0.60076,4.358,1.2332,1.383,4.809,1.975,0,0.031727,0,0.92846,0.5698,1.3814,0.82941,0.80881,1.0956,0,1.3773,0,0,0.26987,1.3242,1.1368,2.2561,5.8336,1.1664,1.2509,0.97163,0.16379,1.1485,3.7419,2.3156,7.4785,16.037,0.48096,1.1893,0.62915,1.3071,4.0825,3.2368,1.8436,13.716,0.78842,1.7964,2.9355,3.1827,0.83907,3.2517,0.78206,1.1536,2.0579,1.217,1.2395,7.322,0,3.3018,2.1304,1.2238,5.5991,0.98491,0.85967,0,10.492,1.9437,1.4334,0.62395,8.137,0,1.1056,0,0.30178,1.3504,1.2428,0.74423,1.0134,4.9642,0.82214,1.8154,1.4442,0,3.2403,0.81457,1.9811,2.1668,1.7128,1.4402,3.123,1.2828,4.5239,2.7515,1.2975,2.154,1.1867,2.1858,2.1985,3.0566,1.5658,1.6657,0,1.5203,0.71535,3.4789,0,2.3075,0.6778,0.34636,1.2414,6.489,0.55175,1.1186,3.3794,0,9.675,1.4189,0.21628,0
