0,27.789,1.3369,15.097,40.167,0,24.147,44.287,34.856,6.775,0,13.413,15.984,1.8392,2.5246,4.05,3.2622,4.1078,2.0969,0,8.5911,92.71,20.133,8.5826,0,1.0993,0,11.068,3.6206,4.8043,1.0346,9.2078,2.2405,25.184,0,0,7.3517,5.3209,4.0254,1.8225,0,4.6095,17.471,0,6.6583,0,0.46346,2.2094,5.414,6.3867,2.0532,4.4704,65.317,1.7584,50.063,1.0588,10.281,0,0.66109,16.351,4.2722,2.9094,0,0,1.9406,0.91594,0,1.0457,14.914,0,4.7717,0.83562,9.4494,9.8103,13.817,3.7158,6.7899,19.037,0,2.4631,16.372,0,0,5.3626,0,1.8357,2.7939,0,7.7126,2.4355,5.9113,2.8001,8.4622,0,0,0.42164,7.0696,0,8.7296,1.4293,0,4.3989,8.502,1.3663,7.9061,1.4086,22.98,20.338,0,0,0,7.3792,2.5701,1.5722,0,0,0.80431,6.167,0,5.0616,5.1825,2.4041,0,1.7398,0,0,3.0205,80.345,2.7879,3.5554,27.778,7.9615,7.9615,1.5242,2.142,0.77631,3.2296,0,0,0,0,2.142,0,7.5884,0.64614,2.9776,0,0.80918,50.792,0,10.531,3.2877,2.8569,0.97558,15.849,8.1859,1.9935,1.8689,3.5991,12.95,45.536,0,10.99,0,19.512,2.3607,2.5286,7.0658,0,2.5652,3.9801,7.3167,1.5815,0.28405,10.009,9.4939,2.8382,2.3207,6.8204,5.1442,2.68,4.0063,0,0.77837,0,2.3976,3.2319,0,3.8151,18.076,2.8504,1.7701,2.557,0,0,2.7362,0,3.5758,18.23,24.302,34.109,1.5191,0,14.919,0,2.9751,0,11.662,13.433,2.6018,8.4287,2.0011,6.027,0,0,20.953,7.3753,0,0,1.7142,1.1554,10.695,1.3808,0.82284,1.9024,0.77805,0,3.8278,3.9319,4.4697,0,3.6479,19.719,3.4835,0,0,0.94033,0,17.293,11.103,2.9778,7.1265,1.6993,1.7836,0.67597,2.6711,3.5801,3.9787,10.835
27.789,0,75.349,155.16,14.032,124,2.2389,0,86.269,120.27,44.75,0,31.455,2.9194,40.732,7.1504,0,0,2.1129,0,2.7263,3.9309,0,5.6125,0,1.7649,0,9.0631,2.9374,6.4187,2.3662,79.931,2.113,20.797,0,45.045,3.3938,6.4759,33.03,59.726,0,7.2166,0.34805,0,7.7334,0,0.16603,2.369,5.5631,6.7039,17.839,0,10.003,1.6535,43.493,2.3777,11.177,0,1.6327,11.768,5.3561,0.91346,0,0,0.99861,0.85615,0,1.8578,8.1417,9.1868,3.2133,2.0682,4.7728,5.4585,4.8459,3.7032,9.7431,4.9212,0,47.788,8.718,0,0,3.0768,0,1.4094,2.986,0,7.8985,2.0073,4.5538,6.4707,3.9064,0,0,0.38147,25.177,0,6.4588,1.1698,0,1.1224,7.9796,2.7818,3.6781,3.1945,20.326,0.9868,0,0,0,8.939,3.1058,1.6193,0,0,1.9903,4.9431,0,3.2052,7.1808,1.8113,0,1.628,0,0,3.1992,3.2142,1.2392,2.2781,40.045,4.0998,2.7102,1.1091,2.5765,1.8382,6.1011,0,0,0,0,2.3814,0,3.6239,1.2189,2.6067,0,1.814,15.471,0,9.0183,3.0794,1.7421,1.9674,7.6463,7.3829,0.5807,0.83767,5.7689,6.6356,48.264,0,7.2483,0,12.871,1.6168,2.5934,9.5621,0,2.6692,6.0439,5.5746,1.6526,0.11883,10.749,9.3736,5.746,1.8529,4.7975,1.8298,1.9065,2.4668,0,0.48832,0,1.8304,2.0921,0,2.1096,13.421,1.2405,3.2256,2.2134,0,0,2.1878,0,3.473,0,3.9409,19.606,0.69718,0,12.087,0,1.474,0,15.48,10.188,2.6064,3.0091,2.3503,6.0248,0,0,7.8374,8.6262,0,0,1.9573,1.7635,7.4037,1.5784,0.73138,1.7285,0.73724,0,5.6166,2.3783,2.6425,0,2.1346,17.101,2.6897,0,0,1.6299,0,16.042,5.4921,2.5801,3.3117,1.9778,2.0466,3.0334,1.1319,2.6241,1.0558,15.26
1.3369,75.349,0,75.161,0.46199,44.133,0.77928,0,30.375,17.011,0,0,13.57,49.636,2.3212,3.5084,0,0,2.0826,0,6.0673,3.2132,0,2.0271,0,0.82489,0,9.8634,2.6486,4.2366,1.0029,28.936,0.78301,11.825,47.087,0,6.4826,4.5002,54.036,1.659,0,4.0178,0.27645,0,6.4541,0,0.30699,2.5799,4.3596,5.4449,2.0908,0,6.6969,1.5278,38.567,1.7983,9.3968,0,14.127,12.114,3.8965,2.2603,0,0,1.2979,0.86381,0,2.3739,8.8431,0,4.4201,0.67883,6.4541,6.7194,11.234,3.1034,5.3075,2.0252,15.78,2.5957,10.292,0,0,3.3822,0,1.3294,2.228,0,19.075,2.3647,5.7592,2.2665,6.2107,0,0,0.43016,6.3956,0,7.865,1.0636,0,3.4771,6.1447,1.9312,7.6404,1.1215,16.786,0.42835,0,0,2.9743,6.553,2.268,54.76,0,0,0.66252,5.0533,0,3.5779,5.836,2.4307,0,1.3533,0,0,2.3883,2.1652,2.0354,2.1971,21.927,3.7694,3.8056,0.60713,3.4827,5.6947,5.111,0,0,0,0,1.892,0,5.9171,0.76303,3.2681,0,1.4341,38.386,0,7.8356,2.2233,2.1957,2.469,15.065,6.2546,1.8109,1.1946,4.6119,6.5563,37.495,7.3132,9.7638,0,14.272,1.6254,1.922,5.3649,0,2.9011,3.5059,7.4773,0.70635,0.19475,6.2194,7.6891,3.1452,2.5132,5.5424,3.7834,1.6634,2.6418,0,0.72734,0,2.1685,3.9608,0,2.8636,14.809,2.5278,1.5579,1.9452,0,0,2.5309,0,2.4739,0,2.5896,34.282,1.0333,0,15.123,52.735,2.6911,0,12.419,11.487,2.6375,7.585,1.6711,2.6741,0,0,14.021,10.366,0,0,1.2362,2.569,9.8863,1.2218,0.42499,1.7479,0.55446,0,5.7101,2.7795,2.5154,0,2.0357,20.923,3.362,0,0,1.8359,0,13.258,6.048,2.3136,4.5302,1.6293,1.4158,3.6608,1.7488,3.4335,2.829,13.993
15.097,155.16,75.161,0,11.516,44.7,2.412,0,58.34,7.4402,0,0,24.521,2.8223,34.743,8.0427,0,0,2.6989,0,4.9508,2.7966,0,2.5892,0,1.6615,0,7.4636,1.3538,5.6629,9.6437,11.256,1.6982,8.9075,0,0,6.0277,5.7898,45.346,1.6432,0,6.8885,0.26662,0,4.7452,0,0.36341,2.0621,39.697,6.0113,24.906,0,5.9245,1.29,33.815,1.7465,7.0359,0,1.3362,15.243,27.243,1.7373,0,0,0.98968,23.456,0,1.8621,7.9147,23.089,4.0671,1.6363,5.6615,6.7093,8.5225,2.2206,6.8527,2.6274,0,21.069,9.1936,0,0,4.0532,0,1.3104,1.9136,0,5.9809,0.98934,4.0204,4.5995,4.7478,0,0,0.14556,6.1761,0,5.9389,0.41427,0,3.0178,5.3939,1.9597,6.7467,2.4576,23.987,0.69368,0,0,0,8.7331,9.9245,1.7289,0,0,1.268,4.172,0,4.4764,5.9214,1.626,0,1.8977,0,0,2.5892,1.6993,1.2595,1.3301,27.599,2.3642,3.1248,0.66106,2.5873,1.4933,4.7951,0,0,0,0,2.3718,0,3.8228,0.93777,3.5245,28.903,1.4162,28.811,0,4.9511,2.6777,1.6061,1.655,10.184,4.9859,1.6207,1.0363,4.3527,7.9261,52.298,0,8.7484,0,13.759,1.5706,1.4739,3.8168,0,2.4148,5.6186,36.08,1.4945,0.14761,9.7588,9.9517,4.192,1.704,6.8489,3.6528,1.3676,1.813,0,0.4826,0,1.4011,2.9528,0,2.3861,11.88,1.821,1.6208,1.5806,0,0,1.6443,0,1.7001,0,1.8513,29.469,0.83172,0,17.54,0,3.3573,0,9.6152,11.21,2.4956,4.1575,1.5963,2.7611,0,0,7.5398,7.4702,0,0,2.2213,1.6197,5.9743,1.0522,0.65388,1.5361,0.39237,0,4.3257,2.9802,1.3171,0,1.0087,14.65,0.61591,0,0,1.1618,0,14.203,5.1661,2.2294,5.275,1.1563,1.0086,2.5539,1.2577,2.5437,1.6117,9.3855
40.167,14.032,0.46199,11.516,0,0,52.472,14.327,34.54,4.378,0,0.23103,32.38,1.1905,1.6653,3.9572,0,0,1.363,73.664,6.6448,3.6918,0,26.391,0,0.94818,0,8.1427,2.7241,8.312,0.7532,5.9705,0.69765,23.802,0,0,5.7935,4.0467,2.6632,1.4828,0,4.5702,0.37491,65.977,4.5568,0,0.40453,3.5448,3.9898,2.8687,1.4879,0,73.868,1.1701,36.5,1.5973,7.1844,0,0.53957,11.587,3.0055,2.3686,0,0,1.5713,0.76866,36.551,1.9677,10.422,0,3.3601,0.67533,6.9007,21.102,8.4843,2.4175,8.3885,15.829,0,1.6651,13.257,0,0,3.7891,0,1.3753,2.0183,0,5.5418,1.6985,3.8325,2.0855,3.4277,7.8463,54.259,0.31743,5.9749,0,5.8762,0.58924,0,3.0985,10.22,2.8167,6.1478,1.0585,15.164,0.44842,0,18.211,0,5.7316,1.8663,0.68066,0,0,0.68066,5.0226,0,3.4944,9.6122,1.7782,0,1.4014,0,0,2.2212,3.0249,26.083,2.6045,38.586,4.2831,3.6774,1.1212,1.9544,0.66855,2.2395,0,0,0,0,2.1605,0,6.1581,0.52517,1.9507,0,0.71663,26.496,0,9.1783,2.3037,2.6105,0.98298,10.253,6.0911,1.0633,1.6201,4.5693,9.218,23.977,0,6.6823,0,14.461,1.7567,2.955,7.0754,0,2.6304,4.0299,6.1534,1.0594,0.16485,9.569,6.9112,5.6788,2.4281,5.5427,3.9164,0.92889,3.1172,0,0.61735,0,1.6982,2.4039,0,2.2438,11.54,2.3992,1.7899,1.6653,0,0,2.9362,0,2.6549,0,3.6057,27.848,1.0213,0,11.626,0,2.1447,0,8.8407,10.362,2.1676,4.6063,1.7108,4.8419,0,0,30.04,12.925,0,0,1.3745,1.3274,8.4469,0.99323,0.58793,1.5407,0.48976,0,3.2149,2.6065,3.6407,0,3.2388,13.298,2.884,0,0,1.067,0,11.87,6.0013,1.9432,4.7346,1.2342,2.1987,4.389,1.8358,4.4582,3.4599,17.399
0,124,44.133,44.7,0,0,1.2998,0,57.762,7.1184,0,0,22.913,2.3402,25.91,8.1513,0,0,2.1994,0,4.5704,2.5922,0,3.4053,0,1.3374,0,7.0437,1.16,6.077,21.927,12.308,1.3433,18.352,0,0,3.2749,4.3963,14.466,1.7996,0,6.1191,0.23086,0,4.3976,0,0.31883,2.1728,4.0642,4.9925,11.52,0,5.4496,1.08,26.978,1.4253,6.6044,0,1.1377,6.3562,1.7087,1.5894,0,0,1.048,0.40774,0,1.903,8.1527,0,3.7208,1.382,5.3467,5.7419,7.8541,1.6011,5.0234,2.9786,0,1.0074,8.4031,0,0,3.2053,0,1.1893,1.8852,0,5.5118,2.0392,4.3047,3.8081,3.8884,0,0,0.16449,7.0986,0,4.4136,0.49808,0,3.2515,5.1173,1.6501,7.5504,2.008,19.87,0.65882,0,0,0,29.383,27.132,1.5047,0,0,1.1818,4.814,0,3.3858,7.4613,1.7907,0,1.5048,0,0,1.9994,1.7997,1.2706,1.9451,20.723,3.1583,3.1583,0.57036,2.8279,1.3642,3.8353,0,0,0,0,1.9194,0,3.6918,1.1456,3.0876,0,1.2021,33.108,0,6.6758,2.0698,1.7383,1.5869,10.324,4.983,1.487,0.99583,3.7804,6.5022,39.187,0,6.9059,0,13.96,1.4917,1.6217,7.989,0,2.6439,5.5498,7.6485,1.2791,0.14583,11.53,8.7825,4.822,1.8254,5.2622,3.4623,1.422,1.6062,0,0.52822,0,1.5955,2.9641,0,2.2111,10.694,1.8862,1.4305,1.1401,0,0,2.0436,0,1.8929,0,2.0572,28.56,0.6927,0,14.47,0,3.9433,0,10.645,10.112,3.1956,4.2854,1.4744,2.5273,0,0,8.6159,8.4457,0,0,2.4143,1.8064,7.0346,1.0866,0.79221,1.3261,0.41358,0,4.5062,2.783,2.2125,0,1.1533,15.414,2.6521,0,0,1.3569,0,12.495,4.8097,2.9923,4.2844,1.5185,1.1882,2.9587,1.1551,2.7875,2.3011,11.816
24.147,2.2389,0.77928,2.412,52.472,1.2998,0,14.735,49.808,5.4659,0,0,28.869,1.4856,1.8017,3.0698,0,0,1.6874,66.573,5.4134,3.5366,0,3.8126,0,0.70094,0,7.0534,2.3769,6.8098,0.7046,7.4393,0.80582,18.921,0,0,4.9006,3.7058,1.7745,1.1834,0,3.4785,0.3516,19.074,4.2995,0,0.31648,2.9891,3.6652,3.5347,1.3632,0,22.974,1.1299,32.793,1.5822,8.4517,0,0.52058,11.482,2.9062,2.0177,0,0,1.4839,0.60568,0,1.9532,10.971,0,3.3448,0.65907,6.6029,20.232,7.9934,2.6093,7.6623,4.3824,0,1.6714,10.968,0,0,3.9442,0,1.2379,1.8161,0,5.0543,1.6136,3.9053,2.2991,4.2792,0,68.624,0.27433,2.797,0,5.9315,0.47598,0,3.0135,9.798,2.8331,5.1638,1.123,16.176,0.40132,0,32.471,0,4.9359,1.7174,0.6294,0,0,0.6294,3.9955,0,3.5707,10.005,1.4896,0,1.5569,0,0,1.9979,2.6749,32.383,2.4738,32.614,3.1862,4.471,0.942,1.5974,0.60554,2.7233,0,0,0,0,1.5974,0,5.0863,0.77093,2.0245,0,0.88513,19.933,0,6.8767,2.0989,2.5028,0.87974,11.022,3.9972,0.96808,0.74922,4.9412,8.5366,18.517,0,7.3077,0,13.119,1.6102,2.8537,5.3143,0,2.5495,2.9791,4.8575,0.81448,0.1562,7.4645,7.0399,4.7256,2.2913,4.5248,3.4151,0.84449,2.968,0,0.4906,0,1.4556,2.1952,0,2.5145,12.311,2.0499,1.3259,1.8081,0,0,2.3956,0,2.3327,0,3.1118,22.005,1.1227,0,11.985,0,1.9769,0,8.0452,9.7544,1.962,4.566,1.5959,4.3593,0,0,14.208,12.392,0,0,1.7488,0.98126,6.734,0.68014,0.53656,1.422,0.46016,0,2.9995,2.7751,3.2648,0,2.9624,8.5442,2.2812,0,0,0.82404,0,11.713,6.083,2.1897,5.13,1.3606,2.322,3.9117,1.9819,4.2743,2.7547,18.618
44.287,0,0,0,14.327,0,14.735,0,36.695,7.6562,0,85.793,43.729,1.7781,1.5083,4.1979,22.101,0,1.1407,0,5.9785,47.65,83.127,3.6645,44.494,24.639,0,8.061,2.5665,7.263,0.73712,5.0916,3.1909,18.599,0,0,5.7193,3.5007,2.6163,1.5674,0,4.8555,0.15835,0,4.7779,0,0.37606,2.7969,3.63,4.303,1.4076,0.72797,7.0887,1.3883,31.545,0.77505,7.908,0,0.99761,10.079,2.8538,1.6831,28.511,0,1.2051,0.7791,0,0.73142,8.0999,0,3.5167,1.265,30.831,8.6539,9.0177,2.1245,4.3325,3.3287,0,1.6074,14.744,0,0,3.014,0,1.1729,1.8733,0,5.4662,1.6717,4.8774,1.967,5.7899,0,0,0.32327,6.6307,0,5.2039,1.1214,12.19,2.5435,5.6558,1.4041,6.1929,1.019,13.283,1.0145,0,0,0,5.6456,1.7169,1.1776,0,0,1.4178,4.9922,0,2.9179,7.058,1.6918,0,1.33,0,0,1.9428,2.4538,2.01,2.095,19.029,2.547,4.7698,1.0381,1.2844,1.1775,3.3024,0,0,0,0,2.0528,0,5.1523,1.3608,1.8792,0,0.60315,40.615,0,11.601,1.8935,2.1165,0.94572,9.4862,5.6497,1.4623,1.6739,38.348,7.4672,28.297,0,9.1355,0,12.427,1.5235,2.2261,6.2575,0,2.0007,4.2711,5.5444,1.0189,0.23118,9.0015,7.4787,3.9542,2.4758,5.2069,3.8197,2.0909,1.7935,0,0.48491,0,1.7162,2.3753,0,3.0965,9.9335,2.3474,1.8984,1.4022,0,0,18.75,0,2.2517,0,2.7457,33.443,0.79721,0,11.742,0,1.989,0,8.694,11.187,2.0344,6.9042,1.9428,4.0664,0,0,12.755,6.574,0,0,1.3752,0.82879,7.0096,1.0024,0.54711,1.1347,0.55598,0,3.3174,2.189,2.6597,0,2.2936,13.399,2.6958,0,0,0.76116,0,10.525,8.6224,1.6255,3.7643,1.1641,1.2739,1.917,1.3895,2.8478,3.1567,15.976
34.856,86.269,30.375,58.34,34.54,57.762,49.808,36.695,0,34.73,60.884,39.669,17.168,93.379,37.469,11.172,26.363,23.392,19.39,9.9871,20.314,11.679,12.147,8.3581,10.342,10.217,13.779,9.5054,9.7625,6.3357,5.0054,30.206,6.4168,8.9215,34.376,21.152,5.476,4.9362,4.1525,1.4566,0.26733,3.114,0.28038,0.23692,5.3552,0,0.27732,2.0938,2.8329,5.0722,1.6209,0,7.7348,1.4692,36.903,1.9955,10.079,0,1.3704,12.906,3.7208,1.9581,0,0,0.9531,0.64287,0,2.0461,7.5126,0,32.422,14.463,6.2834,6.3539,10.097,3.3034,6.8015,3.9128,0,2.3429,10.717,0,0,3.6996,0,1.1935,2.3569,0,7.2455,2.2474,4.7472,5.3349,7.0271,0,0,0.35905,14.245,0,5.8656,0.99761,0,2.4705,5.4322,1.4469,6.1252,26.35,15.814,0.77543,0,0,0,5.273,1.8761,1.4729,0,0,1.5877,4.1726,0,3.9639,3.9109,1.7203,0,1.9649,0,0,2.5974,2.4716,1.9139,2.4404,27.381,2.2111,3.3901,0.64636,2.9194,1.4808,5.4131,13.974,0,0,0,1.2392,0,5.8501,0.604,2.8197,0,1.0483,30.802,0,8.237,2.4756,1.6439,1.8638,11.181,14.877,1.445,1.2077,4.9991,7.2273,35.96,0,9.9596,0,11.964,1.6637,1.9591,4.7245,0,3.4765,2.1068,4.4009,17.233,0.1601,5.7215,5.802,2.2926,1.7269,4.3634,3.2679,1.7271,3.0933,0,0.51298,0,1.5923,2.8624,0,2.8113,13.452,2.2063,1.1045,1.9434,0,0,1.7786,0,2.8766,0,3.0244,31.249,0.96874,0,18.036,0,1.9269,0,11.343,13.833,2.3024,5.0416,1.9355,3.3391,0,0,12.761,6.5344,0,0,1.9228,2.0082,7.0508,7.1336,0.25134,1.6634,0.42742,0,4.4998,2.0735,2.7096,0,2.0806,19.823,2.046,0,0,1.3369,0,13.311,5.8406,2.1466,4.8321,1.1285,1.1619,2.2343,1.684,2.7186,2.2137,5.6775
6.775,120.27,17.011,7.4402,4.378,7.1184,5.4659,7.6562,34.73,0,60.619,0,22.648,18.125,2.2642,2.8453,35.592,0,1.84,0,41.474,4.0731,0,2.3411,0,1.2916,0,11.352,2.9815,8.1365,0.87518,45.841,0.91389,9.1264,0,60.681,5.6697,4.7479,3.8806,26.873,0,3.1568,0.36364,0,5.8821,0,0.294,2.9967,3.1074,5.0753,1.6677,0,7.4449,1.6745,32.592,18.234,10.079,0,0.55767,12.449,3.6126,2.0895,0,0,1.0006,0.66813,0,4.8768,7.6838,0,4.2555,0.70957,4.1097,6.6848,6.7411,3.1935,6.1946,2.4024,0,2.2437,8.5329,0,0,3.5395,0,1.2397,2.3574,0,8.6842,2.2318,31.013,14.591,31.717,0,0,0.36824,58.59,0,6.3919,1.0396,0,2.6898,6.1257,2.1158,6.3129,1.3573,18.945,0.76119,0,0,0,5.5406,1.9096,1.4491,0,0,1.5933,4.3998,0,3.8056,7.7787,2.4128,0,0.68654,0,0,2.5411,2.3774,1.6911,2.3659,24.968,3.7536,2.1652,0.9175,2.6314,1.4627,5.037,0,0,0,0,1.3447,0,6.3386,0.67207,2.7546,0,1.3173,33.337,0,7.9792,2.3726,1.6435,1.4667,13.846,6.8708,1.6101,1.232,4.133,7.8524,36.917,0,7.545,0,13.003,1.6307,2.436,4.6112,0,1.4452,2.5854,4.8611,1.4902,0.096666,6.2838,7.5482,5.4173,1.8343,4.4754,3.3783,1.7117,3.2195,0,0.62623,0,2.4473,3.1436,0,2.2592,15.201,1.3946,1.1558,2.0598,0,0,2.8714,0,2.7885,0,2.8978,33.632,0.99694,0,12.404,0,2.2174,0,11.976,10.797,2.4204,6.6798,2.2007,3.0449,0,0,13.665,7.7431,0,0,1.1335,1.661,10.092,1.5602,0.32976,1.6476,0.56431,0,4.9365,2.283,2.6261,0,2.0281,20.512,2.4616,0,0,2.2704,0,13.515,6.0239,2.2355,4.9083,1.2182,1.4416,2.7408,1.7392,2.4683,2.2988,19.216
0,44.75,0,0,0,0,0,0,60.884,60.619,0,4.9815,25.792,2.2887,1.8037,3.0099,23.368,18.123,46.117,0,5.0882,2.6829,0,1.7004,0,1.4576,0,7.1275,4.4444,6.5987,0.74662,12.032,1.3888,10.163,0,0.88986,5.8672,4.0247,1.4426,12.783,1.5024,3.451,0.24238,0,4.3323,0,0.3341,2.2524,3.8908,5.0269,1.5927,0,6.0756,1.0821,34.381,1.7008,36.193,0,0.45597,10.825,3.1162,3.6828,3.6828,0,1.115,0.7073,0,2.0121,8.1037,0,3.9142,0.57428,6.2389,6.0396,8.2569,2.6763,4.447,1.6931,0,1.7582,9.8982,0,0,2.971,0,1.2993,39.832,0,5.4689,1.9196,4.6662,4.691,3.4225,0,0,0.3343,4.3762,0,7.3915,1.0986,0,3.0795,5.3336,1.6685,6.1648,2.0255,15.236,0.36427,0,0,0,5.1421,1.7932,0.5623,0,0,4.8182,5.2093,0,3.2154,7.4828,1.5209,0,1.6143,5.1429,56.245,2.3701,1.888,1.2707,2.0576,18.42,3.2348,3.2348,0.51539,2.841,0.54641,3.9966,30.5,0,0,0,1.6283,0,5.4001,1.1794,2.0224,0,1.3265,20.544,0,6.9827,1.9901,1.9089,1.5205,11.602,4.3138,1.2255,1.23,3.8075,8.2583,31.604,0,6.6073,0,13.055,1.5192,1.6736,4.5911,0,2.9212,3.0169,5.4131,0.64957,0.14546,7.6089,9.7239,6.1849,2.0682,4.7741,3.5524,0.76065,1.4153,0,0.5088,0,1.4259,2.6058,0,2.1627,13.004,2.154,2.9108,1.6764,0,0,2.1216,0,2.34,0,2.3039,20.104,0.88311,0,12.238,0,2.0317,0,9.5908,12.304,2.0129,4.7674,1.7409,2.2463,0,0,12.313,9.1754,0,0,2.0898,1.7685,7.0593,0.55083,0.61965,1.2919,0.41661,0,2.6684,2.4187,2.2708,0,1.7999,7.0759,2.6849,0,0,1.409,0,12.119,4.9881,1.933,3.9992,1.4016,1.242,3.2893,1.517,2.9376,2.4897,13.82
13.413,0,0,0,0.23103,0,0,85.793,39.669,0,4.9815,0,59.02,1.2676,1.6535,2.7363,16.236,81.498,25.003,0,4.6714,2.7319,17.593,13.228,0,74.46,0,6.4312,48.873,6.3494,0.65158,10.681,15.693,16.978,0,0,4.7896,3.9064,1.5177,1.1931,79.373,3.1103,0.26096,0,3.923,0,0.29656,2.2646,3.4193,4.1756,1.3083,0,7.3361,1.013,30.104,1.5862,8.6605,0,0.45187,10.477,2.7036,2.1958,69.875,0,1.0924,0.5764,0,1.8536,9.6102,0,3.2308,0.57145,49.63,6.7795,7.4375,2.4127,4.6728,1.7993,0,1.5389,9.3056,0,0,3.3242,0,1.2282,1.9429,0,4.7217,1.5493,3.9347,3.9811,3.6546,0,0,0.26466,2.4949,0,6.0375,0.42176,0,2.913,5.7398,1.8553,4.9408,1.7306,14.434,0.35111,0,0,0,4.4841,1.5706,0.54869,0,0,0.54869,4.0825,0,3.2317,7.5098,1.3611,0,1.4555,0,0,2.0285,2.2992,1.3522,2.3954,19.088,2.8731,3.4118,0.50232,2.4087,0.52907,3.8869,0,0,0,0,1.4406,25.14,5.9161,1.2313,1.1788,0,1.4929,15.53,0,6.1989,2.0692,1.9666,0.76967,10.477,3.8572,0.94779,0.67511,4.0783,7.75,28.483,0,6.4102,0,12.289,1.5233,1.8198,4.2474,0,2.5368,2.6793,4.5164,0.69483,0.13669,6.7317,7.0018,4.9954,2.0219,4.3293,3.2926,0.53359,1.5096,0,0.44203,0,1.2994,2.1034,0,2.1801,11.704,1.9549,2.3603,1.6206,0,0,2.0361,0,15.51,0,2.7911,21.394,0.93654,0,10.894,0,1.7859,0,7.8544,10.41,1.7954,4.5485,1.7284,4.0597,0,0,14.266,9.8367,0,0,1.6762,0.88254,6.1371,0.58133,0.50769,1.2487,0.39772,0,2.6124,2.4543,2.6647,0,2.0182,7.3325,2.1534,0,0,1.2744,0,10.992,5.169,2.0494,4.5238,1.1677,1.3463,3.5053,1.648,3.2255,2.3696,15.65
15.984,31.455,13.57,24.521,32.38,22.913,28.869,43.729,17.168,22.648,25.792,59.02,0,17.258,16.312,5.7246,24.382,14.673,8.28,4.0548,7.4111,3.2318,53.923,3.0692,52.166,20.904,0,6.8026,2.2681,46.739,0.62484,6.9221,1.542,15.543,0,0,4.1578,3.6352,2.6224,1.0562,0,2.91,0.29512,0,4.0931,0,0.24594,2.4431,3.0498,3.6673,1.1806,4.3093,6.764,1.1126,29.534,0.77214,6.6956,0,0.83394,9.5554,2.5618,0.96317,9.7074,0,1.0908,0.50151,0,0.66685,8.8081,0,2.9412,1.0662,14.323,7.1303,7.8346,2.3244,5.0685,3.3523,0,1.5262,10.184,0,0,3.1298,0,0.97334,1.5389,0,4.7347,1.4615,3.9963,2.1208,6.2581,0,0,0.2427,4.5774,0,5.138,0.79569,37.762,2.3203,5.7103,2.0373,4.4237,1.0298,14.133,0.79532,0,0,0,4.1438,1.4367,0.93647,0,0,1.1369,3.2954,0,2.9466,4.0257,1.449,0,1.1361,0,0,1.6072,2.24,2.1488,1.9376,20.518,2.5927,3.8881,0.86319,1.3005,0.91904,2.5372,0,0,0,0,1.3005,0,5.6124,1.3604,1.8734,0,0.82461,29.393,0,10.476,1.8713,2.0179,0.77808,10.094,5.1758,1.1153,1.2668,5.2035,6.341,26.872,0,7.0973,0,10.295,1.2755,1.9367,4.1085,0,1.678,2.4498,3.8849,1.1166,0.15045,6.0771,6.2884,2.2722,2.1923,3.5044,2.6705,1.6295,1.099,0,0.43511,0,1.4163,1.968,0,2.5042,10.146,2.0882,1.0921,1.5004,0,0,2.442,0,2.2608,0,2.6186,33.323,0.81286,0,9.8003,0,1.6532,0,7.2874,9.4167,1.6258,6.4814,1.7202,3.3541,0,0,12.842,7.4389,0,0,1.1292,0.80693,6.2012,1.0029,0.43348,1.1595,0.44979,0,2.5958,2.1583,2.1901,0,1.792,12.213,1.8392,0,0,1.3271,0,9.1108,6.662,1.6842,3.9024,1.0649,1.5073,2.7275,1.3937,3.286,1.9203,9.0483
1.8392,2.9194,49.636,2.8223,1.1905,2.3402,1.4856,1.7781,93.379,18.125,2.2887,1.2676,17.258,0,1.3632,4.5159,0,0,1.4451,0,22.731,3.3051,0,1.7271,0,1.0322,0,22.554,2.2774,5.6479,0.7975,9.0564,1.1917,13.46,14.185,0,6.0335,2.841,2.9357,1.5241,0,4.5938,0.28687,0,5.4226,13.399,0.29532,2.6205,3.1452,3.6641,1.2717,0,4.7076,1.5307,32.474,0.84734,6.808,0,6.1388,9.1644,2.9166,1.4702,0,0,0.86315,0.72182,0,45.874,5.9019,0,3.9194,1.6056,3.8931,5.3369,35.441,1.7792,4.2596,2.2716,0,1.7016,7.1826,0,0,2.6295,0,0.92108,1.5001,0,6.2604,1.7468,5.3461,2.0581,4.7624,0,0,0.35718,6.7628,0,5.0413,1.0738,0,1.7717,4.9352,1.649,6.7695,23.827,14.391,0.54432,0,0,0,5.8548,1.4951,1.3863,0,0,1.3726,4.5141,0,2.4582,6.6858,2.1174,0,0.60056,0,0,1.5449,1.5559,1.4476,1.7097,19.91,3.0475,2.0039,0.74585,2.3292,1.4121,4.4137,0,0,0,0,1.5389,0,3.2346,0.55851,2.0312,0,0.51053,26.175,0,6.3257,1.4607,1.3839,1.1932,11.63,4.7724,1.1095,1.1788,3.3367,4.9286,26.961,0,7.2054,0,9.8365,1.4128,1.8879,6.2489,0,13.941,4.2115,4.0265,0.99732,0.089624,7.7641,6.9035,5.5224,1.5593,4.5791,3.4543,1.6373,2.4257,0,0.60254,23.611,2.1477,2.2902,0,2.0839,7.5556,2.8416,1.8136,1.1103,0,0,2.5142,0,1.5734,0,1.7592,11.584,0.56731,0,14.768,0,1.7542,0,8.0689,11.159,1.2193,4.9528,1.5926,2.4281,0,0,7.4573,5.7754,0,0,1.5363,0.99642,9.3094,1.1206,0.48233,1.4514,0.48992,0,4.6613,2.3253,2.2058,0,1.9828,16.493,2.2382,0,0,1.9924,0,8.5585,4.966,1.0841,2.759,1.5071,1.1413,2.2693,0.96447,2.0494,2.2806,15.22
2.5246,40.732,2.3212,34.743,1.6653,25.91,1.8017,1.5083,37.469,2.2642,1.8037,1.6535,16.312,1.3632,0,5.6661,0,0,1.5415,0,3.4578,2.3587,0,2.677,0,0.81733,0,6.9853,1.0768,5.2653,14.595,10.952,1.011,18.864,0,0,2.3513,4.814,2.7,1.259,0,4.9117,0.21616,0,3.3182,0,0.2648,1.9204,19.82,4.956,32.925,0,4.3812,0.90938,17.815,1.1499,4.9786,0,0.95225,13.063,14.701,1.2278,0,0,0.77625,10.781,0,1.1293,6.5361,8.7638,2.8862,1.1591,4.0793,4.3983,5.803,2.1916,6.9754,2.0457,0,14.444,6.6456,0,0,3.3737,0,1.406,1.6187,0,4.8786,1.8521,3.585,2.8806,2.0797,0,0,0.37314,5.0436,0,4.299,0.93237,0,1.9126,3.8874,1.2781,22.902,1.5415,20.452,0.63813,0,0,0,7.4034,17.421,1.2918,0,0,1.0815,4.9784,0,3.5384,5.7384,1.3609,0,0.909,0,0,1.6636,1.4706,0.75169,1.5522,34.7,2.3941,2.1228,0.62999,1.7453,1.1973,2.4368,0,0,0,0,1.4059,0,1.965,0.96205,1.9883,36.249,0.74271,25.452,0,5.0621,2.1064,1.2233,1.4893,4.0613,4.772,0.9581,0.75408,2.3608,6.6922,42.719,0,4.3783,0,10.736,1.1803,1.4471,8.12,24.789,2.1231,4.2052,9.3778,0.7772,0.095118,12.409,5.0623,4.2242,1.2033,5.3745,2.6671,1.3476,1.0039,0,0.40237,0,1.3084,2.2856,0,1.2667,10.771,1.3916,0.90475,1.3563,0,0,1.6749,0,1.4741,0,1.6114,17.123,0.58292,0,9.6943,0,2.5094,0,10.824,7.1398,2.259,2.8144,1.222,3.2616,0,0,4.9547,5.9105,0,0,1.4009,1.4391,5.7724,1.0084,0.81127,0.93593,0.30842,0,3.2169,2.1907,1.9134,0,1.6915,6.63,2.8914,0,0,1.2055,0,13.753,3.4121,1.8164,4.0287,0.98063,0.8947,2.0505,0.96239,1.8266,1.1916,11.004
4.05,7.1504,3.5084,8.0427,3.9572,8.1513,3.0698,4.1979,11.172,2.8453,3.0099,2.7363,5.7246,4.5159,5.6661,0,4.0839,12.782,2.888,0.85873,3.3257,2.1221,0,1.9956,0,0.80075,0,3.1523,1.7865,2.4595,0.9044,7.0423,0.77923,7.3506,0,0,18.065,4.7679,1.7173,1.0641,0,5.6832,0.12717,0,4.0867,0,19.146,1.4152,21.19,25.998,1.3972,0,5.6602,0.60129,16.487,0.79373,4.8047,0,0.47119,12.385,3.9622,1.2764,0,0,0.58621,0.80468,0,0.92291,6.8221,0,2.4559,0.60013,4.0502,4.3886,5.6752,2.8362,15.417,2.0475,0,1.0339,4.9031,4.0623,0,3.15,0,1.1521,1.8384,0,3.9365,0.9042,1.7019,2.1985,4.3117,0,0,0.13753,3.7371,0,5.289,0.37692,0,2.7041,3.8313,1.1239,5.2455,1.0604,12.069,0.34695,0,0,0,5.2109,1.8673,0.55594,33.026,0,0.55594,4.0525,0,3.5822,3.3079,0.65766,0,0.84784,0,0,2.3044,1.7567,1.2735,1.2094,41.735,2.8,3.0541,0.69179,1.3132,0.52779,2.3066,0,0,11.993,0,1.9339,0,4.5033,0.50433,1.3308,0,0.72563,13.32,0,6.1437,2.1198,0.95957,1.0272,9.7876,3.3331,0.87702,0.79841,2.2887,5.7997,12.241,0,4.0975,0,10.258,1.3793,1.3752,3.7958,0,1.3689,3.5876,4.6408,0.69829,0.13115,4.0716,4.6521,1.9143,0.96136,5.8873,3.1909,0.73789,2.0138,0,0.22427,0,0.67808,1.9059,0,1.1864,10.761,1.5122,2.3344,1.9982,0,0,0.91284,0,2.1562,0,2.1729,16.157,0.61154,0,8.5371,0,1.9445,0,7.105,6.766,1.3102,3.7471,1.1473,2.5938,0,0,9.3403,4.7339,0,0,0.90979,0.96114,4.1036,0.71784,0.57858,1.1491,0.37267,0,3.5625,2.4458,1.3533,0,1.0392,12.202,1.0206,0,0,0.87436,0,15.031,3.2925,2.1251,4.4912,0.97342,1.1405,1.6423,1.0319,1.5741,1.9178,5.2308
3.2622,0,0,0,0,0,0,22.101,26.363,35.592,23.368,16.236,24.382,0,0,4.0839,0,0,0.98058,0,14.443,2.9694,0,2.5943,69.273,13.039,0,6.5584,2.4347,51.789,0.68316,6.4538,1.5557,16.571,0,0,4.0989,2.6016,3.0287,0.9717,0,4.3426,0.25074,0,3.569,0,0.1969,2.3346,1.7329,2.4278,1.5322,0,4.4706,0.98032,31.205,34.866,8.2294,0,0.9399,10.19,2.8384,1.6831,0,0,1.1012,0.43904,0,0.76595,5.6,0,3.7494,1.2105,6.2128,8.4947,7.433,2.1627,5.6115,3.217,0,1.7345,10.147,0,0,2.1679,0,0.50948,1.1879,0,3.0494,1.6166,3.5068,4.764,6.5542,0,0,0.25134,4.6049,0,5.4527,0.7482,17.193,1.4621,5.5044,1.6055,4.3974,2.0563,13.145,0.68376,0,0,0,4.2197,1.7295,1.0174,0,0,1.2373,2.9255,0,2.8714,6.7617,1.4343,0,1.6124,0,0,1.4247,1.4344,1.7095,2.0276,24.416,2.9644,3.1243,0.83864,1.0307,0.99523,1.8738,0,0,0,0,1.5243,0,4.2156,0.54998,2.064,0,0.87969,22.694,0,7.0813,1.3636,1.9953,1.4138,6.757,3.6317,0.88158,1.1642,4.3556,4.1437,28.342,0,7.3845,0,11.808,1.3301,1.6392,6.0294,0,1.9736,3.4316,3.0244,1.0993,0.13898,7.0774,8.5854,4.6434,2.01,3.244,2.5144,1.4847,1.792,0,0.45579,0,1.3714,2.5362,0,2.0283,6.6409,2.1396,1.6418,1.3158,0,0,2.5148,0,1.5476,0,1.7961,23.589,0.68577,0,12.959,0,1.0639,0,4.7284,11.32,1.7358,5.3423,31.105,3.5616,0,0,9.3377,6.1291,0,0,1.231,1.1907,6.3804,1.1795,0.41284,1.3084,0.41884,0,2.3722,1.6227,2.2731,0,1.7436,14.495,1.4803,0,0,0.73771,0,7.7271,6.068,1.2945,2.4975,1.3909,1.2891,3.2222,1.1979,2.9312,1.6419,12.273
4.1078,0,0,0,0,0,0,0,23.392,0,18.123,81.498,14.673,0,0,12.782,0,0,34.321,0,2.3685,3.0027,13.812,44.48,0,1.0822,0,6.6084,24.75,4.3965,0.91549,4.7497,1.5557,19.309,0,0,6.2347,3.5496,1.8977,0.48025,19.157,5.8749,0.28664,0,4.3605,0,0.27416,1.7789,1.9401,2.6589,1.8073,0,7.5994,1.0838,17.29,1.6491,5.5372,0,0.75047,13.914,3.8948,0.73617,0,0,0.65975,0.59204,0,1.0032,8.4249,0,3.6847,0.945,4.5156,5.1696,3.9784,2.4352,5.9372,3.5714,0,1.3647,5.384,0,0,3.8189,0,8.1964,2.2812,0,5.2292,1.4496,2.7622,4.1093,2.255,0,0,0.26509,2.1053,0,10.75,0.88864,0,2.1789,4.3955,1.9072,6.2107,1.8725,15.922,0.89851,0,0,0,5.8855,1.6917,0.90971,0,0,1.3926,4.8416,0,3.7751,5.4034,1.2701,0,0.90342,0,0,37.855,2.6056,0.7279,1.5964,41.84,2.6346,1.6849,0.66163,1.3672,0.88037,3.2312,0,0,0,0,2.0758,13.463,3.8591,0.95637,1.5141,0,1.0231,25.514,0,5.8425,1.758,1.0922,1.3616,7.6784,2.772,1.0316,0.9371,3.2319,5.3163,38.895,0,4.2729,0,13.356,2.0121,1.9506,9.7052,0,1.4564,4.6788,3.8618,0.52869,0.074339,8.837,5.0699,3.5685,1.069,5.3265,4.1604,2.01,1.414,0,0.31299,0,1.324,2.8249,0,1.2644,9.094,0.89453,2.2659,1.5834,0,0,1.5164,0,41.189,0,2.8447,20.678,0.72194,0,11.778,0,1.3002,0,4.9978,7.3886,2.0655,1.9831,1.7028,3.4236,0,0,4.7979,5.5006,0,0,1.0404,1.0389,4.7685,0.65695,0.39089,0.97106,0.41088,0,3.5517,2.6142,2.2099,0,1.77,14.582,1.8065,0,0,1.1314,0,10.907,3.6153,0.99972,4.0761,1.842,1.005,1.9237,0.78535,1.7699,2.1938,11.222
2.0969,2.1129,2.0826,2.6989,1.363,2.1994,1.6874,1.1407,19.39,1.84,46.117,25.003,8.28,1.4451,1.5415,2.888,0.98058,34.321,0,1.2005,4.4951,2.0258,0,13.906,0,0.46719,0,4.9442,43.467,3.9712,0.74635,7.7974,8.0035,16.536,0,8.8068,7.9376,3.2544,2.2335,38.242,13.113,5.4539,0.18738,0,3.223,0,0.23615,1.3538,4.7173,13.662,0.68893,0,5.1866,0.76662,16.856,0.91978,5.7278,0,0.79,9.6154,2.9961,1.6737,0,0,0.43607,0.78359,0,0.58805,6.6785,0,1.6474,0.99539,6.3584,6.807,6.9957,2.1146,7.2431,1.448,0,1.5411,3.6454,0,0,2.453,0,0.64206,17.883,0,4.825,1.6578,2.5581,2.2202,3.4094,0,0,0.29097,4.9758,52.178,6.3723,23.495,0,1.8986,4.1052,1.135,3.9901,1.3625,12.027,0.58818,0,0,0,5.7204,0.88081,0.96982,0,1.659,0.87886,6.809,0,2.9425,4.7825,0.9925,0,0.5234,0,8.9061,2.0217,1.6503,1.0375,2.2331,33.13,2.675,2.509,0.83532,1.5946,0.94016,1.7675,0,0,0,35.814,2.0217,0,3.9468,0.80903,1.5733,0,0.50834,24.688,0,5.7088,1.6182,0.6881,1.3926,7.4325,4.9089,0.44327,1.0069,1.7886,5.5493,28.697,0,2.8565,0,10.734,1.77,1.2991,7.1708,0,0.95742,3.0896,4.9674,0.76277,0.10585,5.8756,5.0688,3.2427,0.67594,5.3516,4.2303,1.21,1.816,0,0.28927,0,0.96759,1.1771,0,1.2621,9.6308,1.5512,2.0342,1.2202,0,0,1.3087,0,2.0496,0,1.8951,18.359,0.60361,0,6.1256,0,2.3949,0,11.098,9.0617,8.7286,3.364,1.1303,3.5336,0,0,7.7763,3.3701,0,0,0.79056,1.355,4.0906,1.016,0.72849,0.94597,0.29863,0,4.4574,2.6812,2.667,0,2.2458,11.578,1.8572,0,0,0.90178,0,10.99,4.4336,0.77106,2.7987,1.6447,0.96916,1.1624,1.0634,1.6522,2.3754,9.0093
0,0,0,0,73.664,0,66.573,0,9.9871,0,0,0,4.0548,0,0,0.85873,0,0,1.2005,0,3.8762,2.9715,0,2.5961,0,0.5134,0,5.0834,1.584,4.7869,0.50548,5.9199,1.1129,13.074,0,0,3.3134,2.4227,2.0767,0.80125,0,2.5941,6.0681,0,3.0838,0,0.20455,8.702,2.4869,2.9287,0.93388,0,4.9734,0.83529,22.842,0.69104,4.6665,0,0.63475,7.9798,2.0737,0.85745,0,42.247,44.867,0.40301,0,0.59464,7.5363,0,2.1796,0.80429,4.5012,8.3217,5.6478,1.8089,4.5383,2.8787,0,1.2213,7.9631,0,0,2.7025,0,0.78899,1.1917,0,3.5364,1.1426,2.874,1.8986,4.3382,0,0,0.18826,3.3132,0,4.1495,0.59741,0,1.7998,7.6172,15.53,3.4885,0.92169,11.523,0.65406,0,0,0,3.3896,1.1693,0.72388,0,0,0.8093,2.5817,0,2.4708,14.633,1.0372,0,1.1175,0,0,1.2821,1.6975,1.9184,1.6026,18.367,2.3079,3.6669,0.66335,1.1577,0.70093,2.2721,0,0,0,0,1.1577,0,3.0711,1.32,1.4998,0,0.73841,21.949,0,7.4271,1.3106,5.3961,0.69537,7.1262,3.6817,0.87485,0.87924,2.4263,5.0723,22.046,0,5.522,0,8.4144,1.0474,2.1099,3.935,0,1.2443,2.182,3.1848,0.78878,0.13481,5.4097,4.4074,2.0239,1.6058,2.8675,2.166,1.1886,0.98003,0,0.33496,0,1.0209,1.4973,0,1.78,7.5731,1.4064,0.97278,1.1695,0,0,1.6999,0,1.4342,0,1.8755,30.155,0.67648,0,8.7554,0,1.3525,0,5.5177,6.7089,1.2975,4.3144,1.1268,2.7343,0,0,7.9624,7.6869,0,0,0.8804,0.71872,4.582,0.76609,0.35935,1.0322,0.32757,0,2.3968,1.886,1.9327,0,1.6187,9.642,1.4985,0,0,0.61883,0,8.0917,5.2321,1.3864,3.1062,1.1236,1.8052,1.1106,1.1987,8.6183,1.6845,8.7115
8.5911,2.7263,6.0673,4.9508,6.6448,4.5704,5.4134,5.9785,20.314,41.474,5.0882,4.6714,7.4111,22.731,3.4578,3.3257,14.443,2.3685,4.4951,3.8762,0,3.0948,0,3.086,74.865,0.9723,0,3.3655,1.6929,48.758,0.5127,9.9547,1.0109,11.623,0,0,2.2653,3.2033,2.009,0.85924,0,3.8974,0.24857,0,5.3355,26.355,0.11959,1.7117,2.5339,3.3382,0.9649,0,5.7664,0.69084,22.739,24.358,7.8667,0,0.75248,6.7624,1.9793,1.3333,0,0,0.66934,0.40104,0,10.34,6.7273,0,2.0056,0.95369,2.5032,3.4198,3.4544,1.4129,6.8302,1.9396,0,1.1639,7.1157,0,0,2.5631,0,0.76552,1.553,0,5.2139,1.1516,13.648,3.7363,3.3396,0,0,0.20488,3.9963,0,3.3692,0.61498,0,1.6475,5.7411,1.8625,2.5592,1.6441,9.0953,0.52014,0,0,0,3.4645,1.2015,0.80742,0,0,0.91876,2.5673,0,1.9174,4.4671,0.67423,0,0.73686,0,0,1.7246,1.8326,0.66168,1.293,29.621,2.8322,2.0132,0.86488,1.8454,0.80373,4.8273,0,7.636,0,0,1.2941,0,2.7668,0.7665,1.3874,0,1.3443,11.692,0,6.4539,1.6034,1.1283,1.2988,3.6151,3.9362,0.51691,0.52638,3.2021,4.737,19.279,0,5.0756,0,8.1599,0.94433,1.7135,5.5427,0,1.6184,3.1256,2.8619,0.71752,0.17253,6.1198,4.2207,3.8545,1.7646,2.78,1.5289,1.095,1.5638,0,0.19677,0,0.72182,1.5534,0,1.3553,8.025,5.0719,1.4377,0.90181,0,0,0.79605,0,1.838,0,2.1303,15.563,0.48092,0,8.0842,0,1.4001,0,6.7401,4.8636,1.3594,4.6068,1.7326,2.609,0,0,6.3867,5.9714,0,0,1.0455,1.2399,5.7627,0.75821,0.37732,1.7111,0.60368,0,4.7243,1.4419,1.5572,0,1.2931,9.832,0.94567,0,0,1.5821,0,9.1375,4.7152,1.7759,2.9002,1.257,1.4465,1.7856,0.81911,1.7608,1.0874,9.7132
92.71,3.9309,3.2132,2.7966,3.6918,2.5922,3.5366,47.65,11.679,4.0731,2.6829,2.7319,3.2318,3.3051,2.3587,2.1221,2.9694,3.0027,2.0258,2.9715,3.0948,0,1.2673,2.0151,1.599,0.90282,0.21232,5.524,1.4251,4.7234,0.44482,5.5444,0.9068,14.608,0,0,3.093,1.7209,1.7563,0.70757,0,3.9872,32.964,0,2.0502,0,0.20864,51.754,2.198,1.7506,0.902,0,2.5842,0.82611,25.634,1.1303,5.1744,0,0.58731,6.3481,1.7478,1.4434,0,12.983,0.9472,0.34907,0,1.0194,4.2448,0,2.1416,0.73781,5.5143,5.3547,6.3457,1.5059,4.5219,1.8064,0,1.0246,18.212,0,0,2.0434,0,0.82621,1.0677,0,2.1989,0.97671,2.7027,2.6562,3.454,0,0,0.17234,3.0768,0,3.2314,0.52473,0,1.1732,6.7421,1.6643,3.3154,1.219,9.3039,0.49434,0,0,0,3.0905,1.3321,0.66347,0,0,0.73034,2.2259,0,1.9057,2.8561,1.1636,0,1.1544,0,0,1.193,0.8501,1.2089,1.2181,19.465,11.279,7.1702,0.45915,1.3049,0.64937,2.98,0,0,0,0,1.51,0,3.3272,0.78645,1.2466,0,0.96706,21.38,0,6.279,0.91125,1.2213,1.0225,6.1752,2.592,0.79954,0.68324,14.089,3.4329,17.847,0,4.8799,0,9.2777,0.8534,1.5441,4.9348,0,1.6293,3.2458,2.4659,0.71315,0.12063,6.7459,4.43,2.7771,1.0502,2.4933,1.9778,0.97185,1.5305,0,0.38659,0,1.1325,1.4471,0,1.7469,5.2349,1.523,1.476,1.0067,0,0,2.4301,0,0.98752,0,0.95292,15.286,0.4464,0,7.5931,0,1.1876,0,3.5287,6.5858,1.5014,4.4394,1.0363,2.9845,0,0,6.0102,8.6269,0,0,1.0931,0.91034,3.5197,0.63973,0.3828,1.1787,0.23042,0,5.7767,1.5253,1.444,0,1.2306,8.1624,1.4516,0,0,1.0499,0,4.8852,5.4304,1.2002,2.0529,1.1438,1.3911,2.7917,0.75943,1.738,1.3164,11.715
20.133,0,0,0,0,0,0,83.127,12.147,0,0,17.593,53.923,0,0,0,0,13.812,0,0,0,1.2673,0,2.8494,0,43.295,0,4.9871,1.931,5.0846,0.49247,5.2026,1.1978,14.175,0,0,3.5355,2.5004,1.2456,0.90842,12.204,2.5947,0.21429,0,3.0108,0,0.22296,1.8594,2.5397,3.0536,0.97202,0.62163,18.057,0.77658,23.462,1.1966,6.4516,0,0.37297,7.6849,2.0088,1.6443,22.645,0,0.89269,0.43357,0,1.3824,7.1377,0,2.4039,0.47148,16.423,5.67,5.6393,1.7969,3.8353,2.9724,0,1.1567,7.4628,0,0,2.4831,0,0.86412,1.361,0,3.5474,1.1424,2.7359,2.9449,2.9968,0,0,0.19558,2.0796,0,4.2595,0.71478,0,2.0247,4.656,1.502,3.6401,1.2884,10.789,0.29065,0,0,0,3.3526,1.1671,0.72222,0,0,0.45362,2.9259,0,2.3474,6.1342,1.0376,0,1.0966,0,0,1.411,2.0458,1.1093,1.6943,15.686,2.4033,2.7253,0.41533,1.7625,0.43775,2.9554,0,0,0,0,1.2051,0,4.899,0.55441,1.3819,0,1.16,27.581,0,5.1844,1.5011,1.6074,0.63713,7.7725,2.8766,0.96819,0.56463,3.1968,5.3196,20.842,0,4.8823,0,8.7512,1.071,1.476,3.5322,0,1.7818,2.2396,3.4148,0.56957,0.10384,5.6313,5.1141,3.6713,1.5902,3.0822,2.3252,5.1111,2.0078,0,0.34186,0,0.98578,1.5546,0,1.6777,8.3375,1.4531,0.99606,1.1977,0,0,1.6004,0,2.0346,23.471,2.4209,20.256,0.68118,0,8.1264,0,1.3312,0,5.7393,7.612,1.3983,3.3486,1.2607,2.9067,0,0,11.748,8.0741,0,0,1.1798,0.73768,4.6866,0.47697,0.36829,0.95096,0.30222,0,2.159,1.8059,2.0023,0,1.5608,9.211,1.6216,0,0,0.96826,0,7.8322,3.9706,1.5361,3.3283,0.95959,1.0823,2.9018,1.2306,2.5145,1.7563,14.273
8.5826,5.6125,2.0271,2.5892,26.391,3.4053,3.8126,3.6645,8.3581,2.3411,1.7004,13.228,3.0692,1.7271,2.677,1.9956,2.5943,44.48,13.906,2.5961,3.086,2.0151,2.8494,0,1.3097,1.5115,21.863,3.6233,17.662,3.1459,0.52623,3.8133,0.47285,14.84,0,0,4.37,2.8441,1.0343,0.73314,17.624,3.521,0.17817,19.338,2.7573,0,0.30362,1.9817,2.7573,1.8571,1.0332,0,7.2784,0.4728,14.911,0.56871,4.6783,18.099,0.39514,8.136,2.0846,1.718,0,0,0.66788,0.5665,11.305,0.8266,6.9053,0,2.2057,0.49268,3.5069,4.1483,6.7546,1.62,3.2051,51.939,0,1.1085,5.3076,0,0,2.3821,0,1.086,1.5745,0,3.2871,1.1822,2.247,1.4486,3.3647,14.298,0,0.14061,3.3664,0,4.5355,0.45081,0,2.1162,2.3794,1.2185,4.4362,0.74817,9.8418,0.6391,0,0,0,4.0053,1.2366,0.50496,0,0,0.50496,3.9095,12.641,2.4076,3.7308,0.83636,0,0.77249,0,0,1.7489,1.9977,1.0137,2.0019,28.272,2.6582,2.33,0.624,1.1762,0.49884,1.4667,0,0,0,0,5.8249,0,19.111,0.68416,1.2451,0,0.71457,20.737,14.527,5.6803,1.5643,1.0455,0.90786,6.458,2.8575,0.7218,1.1228,2.1964,5.814,18.453,0,3.6887,0,10.207,1.3252,1.6521,5.7889,0,1.212,2.9286,3.9989,0.41828,0.11958,6.6296,4.2952,2.7917,0.97336,4.1976,3.158,1.2878,1.7613,0,0.25709,0,0.78607,1.5871,0,1.0854,7.518,1.6595,1.5382,1.0797,0,0,1.1941,0,2.0204,0,2.2527,9.5277,0.60807,0,6.8948,0,1.3893,0,5.9239,6.2656,1.5284,3.6539,0.93143,3.5635,0,0,9.113,5.2573,0,0,0.871,0.83238,3.6584,0.61921,0.39482,0.88578,0.29279,0,4.0308,1.6796,2.9771,0,2.3521,8.5365,1.8692,0,0,0.79473,0,8.3046,2.7672,1.2225,3.0591,0.85729,0.56906,1.7051,1.0121,1.0752,2.3701,7.3295
0,0,0,0,0,0,0,44.494,10.342,0,0,0,52.166,0,0,0,69.273,0,0,0,74.865,1.599,0,1.3097,0,20.525,0,6.295,1.5832,45.685,0.49132,5.5873,1.0483,10.837,0,0,3.0451,2.6831,2.1469,0.77223,0,2.4316,0.10475,0,2.569,9.4886,0.1851,1.8068,2.2635,2.6623,0.87107,0,4.5981,0.98001,25.275,1.4148,4.6741,0,0.66691,6.9811,1.8919,0.81273,0,0,0.68066,0.37688,0,1.273,6.1313,0,2.5575,0.84266,5.4705,4.2258,8.5984,1.6481,4.0925,2.3109,0,1.2155,6.9575,0,0,2.2948,0,0.68773,1.0732,0,2.2913,1.0598,3.5812,3.3093,4.4152,0,0,0.17669,3.3298,0,3.6669,0.54657,7.5552,1.5528,7.0415,0.87698,3.2397,1.5022,10.325,0.50922,0,0,0,3.0965,1.0704,0.72041,0,0,0.78673,2.3617,0,2.1411,4.4274,1.3719,0,1.2696,0,0,1.3403,1.4728,0.8276,1.3456,16.595,3.6722,4.0795,0.40983,1.4952,0.70091,4.1719,0,4.1719,0,0,1.0979,0,3.483,0.93646,1.5201,0,1.2089,20.444,0,6.1168,1.3511,1.1945,1.1873,5.453,2.7088,0.84244,0.73277,2.1855,4.3252,19.689,0,6.4798,0,7.3879,0.90088,1.4791,3.6988,0,1.8307,2.8039,2.9598,0.80894,0.18184,5.1303,4.605,3.2949,1.3921,2.5353,1.9017,1.0265,0.91618,0,0.3649,0,1.3897,1.7231,0,2.263,6.8462,1.7257,0.91774,1.0234,0,0,0.90319,0,1.569,0,1.7598,21.806,0.55299,0,9.2646,0,0.9692,0,5.2084,7.4042,1.1891,5.0689,0.71038,2.3697,0,0,8.1968,7.5633,0,0,1.1696,1.0132,2.7714,0.79361,0.25563,1.4238,0.29195,0,4.5967,1.6172,1.5471,0,1.2441,9.8101,1.4092,0,0,1.4454,0,7.1372,4.7575,1.2175,2.5945,1.0152,1.5301,1.8894,0.95567,1.7663,1.4602,8.2569
1.0993,1.7649,0.82489,1.6615,0.94818,1.3374,0.70094,24.639,10.217,1.2916,1.4576,74.46,20.904,1.0322,0.81733,0.80075,13.039,1.0822,0.46719,0.5134,0.9723,0.90282,43.295,1.5115,20.525,0,0.75564,5.6349,2.0495,27.294,0.6021,3.3122,23.243,12.416,0,0,4.7166,2.3257,1.9008,1.2018,0,3.962,0.25824,0,3.1585,0,0.24084,1.7962,2.4256,2.8894,1.0467,0,4.7058,1.0157,19.093,0.86365,5.6996,0,0.80629,7.568,2.2357,1.4694,43.662,0,0.71268,0.5173,0,1.1682,5.1042,0,2.6988,1.0147,54.415,6.2256,6.0227,1.3745,3.5932,2.2128,0,1.209,6.473,0,0,1.9559,0,0.78029,1.4248,0,3.6508,1.3081,3.737,2.3954,3.6421,0,0,0.26712,5.4236,0,3.6504,0.93628,0,1.3966,3.4687,1.9023,4.7721,0.93475,9.0874,0.77735,0,0,0,4.1899,1.1292,0.96288,0,0,1.1626,3.6009,0,2.0431,4.7558,1.1284,0,0.89021,0,0,1.3879,1.5827,1.1469,1.5263,16.815,1.6126,2.895,0.64753,0.82659,0.96536,3.9707,0,0,0,0,1.3392,0,3.0407,0.87637,1.3494,0,17.822,24.494,0,3.4309,1.225,1.3033,0.79982,5.6347,3.1701,0.80126,1.2204,4.3247,3.9953,21.109,0,5.8936,0,8.052,1.1938,1.4786,5.5501,0,1.3151,2.8683,3.4173,0.63623,0.1116,5.887,5.5832,3.4735,1.4256,3.7057,2.8323,1.6618,1.7491,0,0.29219,0,1.1323,1.7581,0,1.8639,5.7879,1.6881,1.4131,0.88038,0,0,1.6576,0,1.4492,0,1.7483,18.742,0.47198,0,8.6784,0,1.2983,0,5.7067,8.2947,1.328,4.3613,1.3628,2.6163,0,0,7.0911,6.0659,0,0,0.89438,0.57846,4.3629,0.69951,0.35515,0.70015,0.3295,7.8298,2.8402,1.449,1.992,0,1.7791,9.8749,1.6529,0,0,1.0097,0,6.7919,5.7647,0.90288,2.2266,1.0286,0.94113,2.2,0.81709,2.106,1.8957,9.538
0,0,0,0,0,0,0,0,13.779,0,0,0,0,0,0,0,0,0,0,0,0,0.21232,0,21.863,0,0.75564,0,5.6697,2.1347,4.6787,0.48976,5.8593,0.97661,51.288,0,0,4.8961,3.0177,1.7305,0.80313,0,20.391,0.20358,3.8058,1.8639,0,0.30038,1.321,2.7099,3.36,1.0431,0,2.4442,0.77464,17.536,1.0098,4.3121,14.892,0.70894,8.3012,1.985,1.5669,0,0,0.54726,0.40446,0,0.80566,7.581,0,2.2714,0.88277,4.5298,5.1063,6.3101,1.4942,5.0469,2.4548,0,1.0566,4.4358,0,0.74104,2.837,0,1.1009,1.5087,0,3.0372,1.2475,2.8421,2.4475,2.8122,0,0,0.2552,3.1208,0,4.0638,0.92198,0,0.97623,3.7472,1.2074,5.0471,1.2259,9.5745,0.66123,0.84334,0,0,3.4489,1.2441,0.878,0,0,0.95829,2.8892,0,2.5165,5.97,1.0936,0,0.72913,0,0,1.7203,0.88661,0.96618,44.825,24.023,2.1184,2.4799,0.55332,1.1218,0.86765,2.0355,0,0,0,0,2.3026,0,3.4506,0.99791,1.2499,0,0.66232,23.386,3.5757,4.1429,0.86453,0.88907,0.87076,5.4423,2.6693,0.6769,0.68376,2.0713,3.0798,28.633,0,3.5824,0,10.965,1.3803,0.98637,10.142,0,1.2686,3.7481,2.8592,0.56655,0.10421,8.093,4.0865,3.5408,0.86281,3.5911,2.8465,1.3884,1.464,29.786,0.31069,0,1.052,1.6088,0,1.0472,3.8674,1.5344,1.3667,1.0256,0,0,1.4551,0,1.7377,0,0.9584,16.94,0.63859,0,7.6244,0,1.3553,0,5.5189,6.3637,1.6212,3.246,0.76905,4.0841,0,0,7.5109,4.4505,0,4.6566,0.99534,0.81167,3.5549,0.57789,0.37823,0.72592,0.19434,0,2.9231,1.6726,2.3373,0,1.6667,8.0121,1.7656,0,0,0.76687,0,5.095,3.2111,1.2787,1.5285,1.776,0.81789,2.0555,1.3294,1.62,2.0648,10.055
