0,22.066,29.011,11.091,35.866,17.696,29.173,0.12712,50.825,6.5077,67.091,0.65849,64.233,2.4457,0.53125,1.4863,22.511,1.1582,3.5342,2.0821,49.204,4.4141,0,0,2.5529,44.584,1.7528,63.897,30.039,0,43.904,0.034466,0.60983,0.99448,5.9388,11.939,4.3963,8.0284,0,1.9739,6.7856,0,0,3.7641,0,0.38449,3.8976,10.44,6.5421,26.359,0,1.5567,20.767,76.118,10.362,7.4953,11.137,3.5398,2.334,8.6375,53.11,5.5918,0,7.453,10.393,5.0575,0.96984,2.2424,1.9967,0.72562,3.6608,1.8298,1.1056,0.87373,0.38854,29.237,7.4851,2.7499,21.343,1.1893,2.5129,2.308,1.6054,4.5175,4.5613,2.1787,0,0,0,16.43,3.3381,12.876,1.4011,66.016,2.5088,1.0544,3.3728,5.5518,0,0,1.122,1.6797,3.0703,0,0,3.604,0,0,47.657,11.268,0.50917,2.8379,0.65062,3.0814,0.26214,3.4635,38.011,0,0,16.023,0,1.4975,3.9434,3.6037,2.2079,17.775,9.78,0,7.7018,4.1813,2.3534,0,2.284,3.139,0,3.3474,9.1248,3.2915,0,20.143,5.9427,7.2472,7.4909,1.05,0,0,0,1.2853,7.4679,5.4862,0,2.5752,4.0398,0,1.6115,0.94541,1.4627,2.7076,0.9097,0,0,2.4526,1.1624,11.271,1.8035,2.2563,2.0677,0,3.3712,3.3544,0,0,3.3675,4.1161,0,0,2.5673,3.2157,0,2.4767,9.2561,3.2812,5.9782,9.4186,0.3912,4.7529,0.67905,0,0.5666,0.26416,0.58178,4.0061,2.1891,11.475,0.60589,0,0,0,2.6344,9.0359,10.507,30.248
22.066,0,42.829,8.9774,14.998,73.725,29.849,0.13872,48.09,46.951,47.949,0.71939,58.201,51.928,0.41515,1.1463,12.765,0.92185,2.6028,23.015,42.392,66.534,0,0,1.7937,1.3824,1.4436,0,3.7734,0,0,0.029653,0.47724,0.82432,4.4539,8.8989,3.2661,6.7291,0,1.4453,5.4566,0,0,2.8932,0,0.86084,2.745,7.8707,9.2363,4.1614,0,1.2455,16.142,2.755,9.2506,4.3789,8.984,1.5379,1.7836,6.2816,20.617,3.777,0,4.5848,7.1591,3.7207,0.71977,1.5702,2.0889,1.5433,3.2639,1.414,0.8456,0.71893,0.32481,31.839,7.1148,2.0617,19.942,1.9292,1.8054,2.2165,1.8226,3.2663,4.4568,1.6393,0,0,0,12.529,2.8926,9.44,1.1024,45.952,2.3421,0.73606,4.3923,3.9425,0,0,1.2114,3.4171,2.1917,0,0,2.7778,0,0,35.545,10.696,0.44671,2.3486,0.61821,3.3446,0.26309,2.8179,16.718,0,0,11.016,0,1.2165,3.0715,3.2213,3.6951,12.354,8.7163,0,6.0657,3.5161,1.9118,0,2.6234,2.3951,0,1.989,8.0681,3.3024,0,16.766,1.2926,5.9919,6.5754,1.9072,0,0,0,1.632,6.1777,5.3983,0,2.4758,3.6721,0,2.3126,0.86602,2.4396,2.0472,0.75354,0,0,1.9413,0.4774,7.7892,1.4223,2.375,2.2426,0,3.0186,3.3704,0,0,1.1972,48.234,0,0,2.5945,2.6122,0,2.2782,7.2305,2.3585,5.2035,6.5989,0.32726,3.8346,0.66337,0,0.24549,0.23617,0.48174,4.3442,1.7553,12.417,0.49575,0,0,0,1.9236,6.8001,8.2915,25.473
29.011,42.829,0,8.981,25.587,66.008,35.144,0.11351,45.246,36.01,44.001,0.5884,52.141,37.788,0.40017,1.1299,26.648,0.89356,2.8024,8.6763,42.839,12.903,0,0,1.9341,1.3665,1.393,0,3.6923,0,0,0.026193,0.45277,0.74864,4.3675,9.6078,3.2635,6.4403,0,1.4932,5.3759,0,0,2.8334,0,0.79304,2.9103,8.0506,61.015,10.147,0,1.2305,15.83,2.2535,8.2537,3.5849,9.5753,1.5089,1.7685,6.7283,19.957,8.0621,0,7.6774,7.8322,3.8238,0.82136,1.7112,1.7668,1.4265,2.8453,1.38,0.88035,0.69015,0.30238,26.09,6.1008,2.3307,17.239,1.9639,1.9349,2.205,1.5094,3.4376,4.0785,1.7109,0,0,0,12.805,2.903,10.032,1.1927,50.321,2.2348,0.78392,4.2622,4.0956,0,0,0.985,3.3431,2.6049,0,0,2.6961,0,0,36.457,9.3349,0.40223,2.3781,0.56846,2.7472,0.23031,25.099,16.359,0,0,12.428,0,1.2791,3.0139,2.1736,3.4078,13.374,7.6905,0,5.8308,3.6135,2.0101,0,2.6248,2.5029,0,2.6649,7.6339,2.5655,0,16.787,1.2949,4.7065,7.0864,2.0718,0,0,0,1.3432,6.0619,5.6759,0,2.2502,3.2722,0,2.406,0.71189,2.3579,2.2964,0.74047,0,0,1.8532,0.87469,8.6777,2.2843,2.0151,1.8482,0,2.5614,2.4327,0,0,1.2506,47.196,11.432,0,2.5999,2.7465,0,2.4559,7.3771,2.4836,4.6874,7.29,0.33156,3.6535,0.56901,0,0.46659,0.20101,0.44416,4.2508,1.6339,10.498,0.44468,0,0,0,2.2352,6.9244,8.406,26.759
11.091,8.9774,8.981,0,18.944,0.18179,0.22501,0.12492,41.449,1.0595,6.5324,1.0056,29.909,2.3151,0.41285,56.282,0.57167,0.85102,2.4596,3.4428,26.025,1.6621,3.9033,0,1.9198,2.901,0.58342,0,2.2829,0,0,0.028086,0.49905,0.8947,5.9967,8.1799,3.3883,6.6397,0,1.4409,8.1653,0,0,10.903,0,0.33302,3.1531,7.9013,6.395,3.1695,0,4.354,20.979,4.2338,13.208,5.5235,7.2773,2.5246,1.7243,7.3,39.566,4.076,13.523,5.9867,23.747,3.9817,0.71371,1.7429,4.022,0.62335,2.3748,1.6194,0.73188,0.38878,0.26373,28.671,6.3083,3.3672,17.634,0.88257,1.6798,1.6922,1.6435,4.1538,2.0979,1.4749,0,0,0,11.884,2.8212,4.1564,2.1605,53.796,1.7578,0.38651,3.3188,4.0676,0,0,0.85163,1.6522,3.9454,0,0,3.4649,57.02,0,48.653,8.5389,0.39035,1.7156,1.0104,4.9402,0.40166,2.267,15.664,0,0,12.678,9.1907,2.6154,3.8067,1.8332,2.138,15.858,8.2426,14.938,7.4471,1.9798,1.8408,0,2.4001,1.2505,0,3.1065,7.5935,3.1627,0,14.105,2.49,5.4074,6.6767,2.2189,0,0,0,1.4702,6.9794,5.1979,0,2.4406,3.2502,0,1.174,1.436,1.6487,2.0165,0.96178,0,0,2.3387,1.0051,8.1516,1.2598,2.549,2.4711,0,2.2363,3.1444,0,0,2.7814,2.58,0,0,2.5948,2.8789,0,2.5158,9.1945,2.9425,5.3207,8.3394,0.15985,3.3901,0.52913,0,0.3933,0.48419,0.39149,2.4704,1.7307,11.521,0.54432,0,0,0,2.2956,6.8127,9.3504,20
35.866,14.998,25.587,18.944,0,15.508,24.297,0.12051,40.494,1.1653,15.179,0.62531,54.684,2.5729,0.36788,1.1107,20.305,0.79751,2.3637,1.6933,35.795,3.3953,0,0,1.5623,21.454,1.1952,0,3.5028,0,0,0.025465,0.42261,0.72782,4.1725,8.0303,2.9285,5.6167,0,1.2963,5.3607,0,0,2.7251,0,0.66038,2.5678,8.2162,28.94,3.7,0,1.2533,15.395,35.502,8.8557,3.8099,9.0996,2.4812,1.5607,6.0722,22.102,7.5962,0,3.9831,6.9939,3.9397,0.70352,1.6269,1.8279,1.1887,2.7292,1.3095,0.72937,0.61551,0.32979,27.66,5.8991,2.0064,16.472,1.5873,1.6252,1.9094,1.5863,3.2237,3.5836,1.4329,0,0,0,11.561,2.754,9.5368,1.0524,43.966,1.8853,0.66338,3.2017,4.1178,0,0,0.92479,1.5939,2.2561,0,0,2.5537,0,0,35.919,8.5824,0.37128,1.9207,1.1141,2.9063,0.23255,2.6797,14.585,6.3707,0,11.734,0,1.1478,2.9546,1.8658,3.4857,11.854,8.0983,0,5.5955,3.0034,1.8039,0,31.448,2.3637,0,2.8115,6.4339,3.0538,0,15.358,0.83021,4.8077,7.1773,2.1021,0,0,0,1.4186,5.9747,5.0937,0,1.9367,3.0249,0,1.901,0.81924,2.3314,1.9852,0.72968,0,0,1.774,0.42652,8.1345,1.3413,1.9555,1.9211,0,2.3774,3.0403,0,0,1.6137,3.7805,0,0,2.832,2.0623,0,2.3128,6.8251,2.2495,4.9421,6.5649,0.26818,3.1616,0.53503,0,0.43375,0.2158,0.44438,3.6868,1.6144,11.122,0.44057,0,0,0,1.8097,6.8971,8.2839,23.193
17.696,73.725,66.008,0.18179,15.508,0,50.794,12.611,44.604,29.41,64.751,0.57788,47.667,27.41,0.39708,1.1232,25.365,0.90998,2.6681,70.896,31.806,10.383,0,0.37687,1.8127,2.7513,51.143,3.3169,3.4152,0,0,0.027039,0.44383,0.73465,4.0555,9.0298,3.1508,6.7351,0,1.4348,4.7045,0,0,2.9488,0,0.31236,2.6577,6.6381,6.9859,1.5606,0,1.1441,14.18,4.3003,7.4738,18.65,8.1128,2.88,1.732,6.0836,49.85,8.0976,0,7.4456,6.8324,3.1494,0.70644,1.4045,1.732,0.58607,3.0534,1.268,0.86282,0.67872,0.25918,26.06,6.2654,2.011,18.003,2.0075,1.8985,0.84156,1.4973,2.9306,1.9373,1.6484,0,0,0,12.274,2.6852,8.4381,1.7474,21.48,2.1205,0.76349,4.211,3.6426,0,0,0.97136,1.5013,5.3824,0,0,2.4813,0,0,30.637,9.7729,0.40894,2.3174,0.5394,2.7392,0.48447,3.0405,15.131,0,0,10.102,0,1.9373,2.6543,2.864,1.9726,11.706,7.1351,0,5.2658,3.3827,1.7824,0,2.1659,2.1428,0,2.4254,7.8539,2.8863,0,15.053,2.585,4.8032,3.209,0.97422,0,0,0,1.3375,5.2795,5.0331,0,2.9801,3.38,0,1.1704,1.8503,1.5762,1.9868,0.65092,0,0,1.6862,0.74075,6.9547,1.43,3.1373,3.1011,0,2.9503,2.8866,0,0,34.781,2.6467,0,0,2.3636,2.4355,0,1.8198,6.4815,2.157,4.1917,6.1863,0.30696,3.7052,0.60756,0,0.49555,0.54777,0.6291,2.864,1.5102,10.493,0.42862,0,0,0,1.9102,5.6623,7.1772,26.212
29.173,29.849,35.144,0.22501,24.297,50.794,0,0.1099,40.197,21.628,27.069,0.57018,48.922,19.82,0.35225,1.0158,28.885,0.77712,2.3793,5.6275,37.528,3.5043,0,0,1.6497,2.0522,1.1973,0,3.3706,0,0,0.023744,0.39866,0.67272,3.8742,8.1187,2.819,5.5551,0,1.2721,4.8174,0,0,2.512,0,0.67834,2.4873,7.2329,32.825,3.6408,0,1.1085,14.066,2.1829,7.6921,3.4749,8.5236,1.3615,1.5154,5.849,18.916,3.5624,0,21.69,6.7156,3.4514,0.70926,1.4913,1.6836,1.2148,2.5669,1.2158,0.73722,0.59715,0.28167,25.234,5.5684,3.738,15.708,1.6368,1.6318,1.9473,1.4518,2.9805,3.5501,1.4356,0,0,0,11.157,2.6501,8.7313,1.0444,42.911,1.9059,0.66157,3.7082,3.8248,0,0,0.90909,1.4534,2.2608,0,0,2.3698,0,0,32.118,8.2454,0.35328,1.9782,0.5282,2.6533,0.21644,24.599,14.933,0,0,10.838,0,1.1293,2.6738,1.8845,3.3541,11.388,7.1193,0,5.1335,3.0632,1.7748,0,2.4681,2.1719,0,2.4839,6.4786,2.8011,0,15.673,1.1605,5.2405,6.2793,1.8377,0,0,0,1.2959,5.2959,5.0116,0,1.9456,2.9421,0,2.0011,0.76878,2.1812,1.9913,0.65663,0,0,1.6306,0.77406,7.4678,1.3418,1.9463,1.7895,0,2.4091,2.8094,0,0,1.4802,3.7214,0,0,2.3863,2.425,0,2.1232,6.3679,2.1263,4.3208,6.2511,0.27534,3.0684,0.5102,0,0.43908,0.20697,0.45456,3.2946,1.4647,10.164,0.40006,0,0,0,1.9305,6.1401,7.3641,23.944
0.12712,0.13872,0.11351,0.12492,0.12051,12.611,0.1099,0,42.909,2.7386,37.51,0.38033,35.525,1.656,27.966,1.4384,0.33749,81.912,29.671,2.2825,18.861,2.8864,0,0,1.9867,1.7761,34.164,5.8438,2.7834,0,0,0.025662,0.54699,0.77085,4.3832,8.6692,4.2665,7.2281,0,1.9348,3.4366,0,0,3.8054,0,0.39482,3.6183,7.7214,5.3387,1.2544,0,0.97367,18.984,2.5371,5.8306,5.3617,6.5033,2.9657,29.675,5.0466,49.672,5.4426,0,4.9648,6.9889,2.6031,0.9784,1.1256,3.5795,0.75706,34.486,1.2654,1.0679,0.90969,0.18094,25.909,7.2169,3.2744,15.387,1.4326,22.872,1.3624,1.1808,3.7331,3.4108,1.6702,0,0,0,13.287,1.9398,10.518,1.4633,17.908,2.1846,0.83986,4.5878,2.8859,0,0,0.6072,1.659,3.3987,0,0,1.9294,0,0,38.634,8.5985,0.55418,2.7316,0.6271,3.8765,0.23377,2.194,5.6209,0,0,6.0008,0,1.678,2.6035,2.1407,1.9137,14.563,5.4537,0,6.3316,2.4091,2.7807,0,1.738,1.9458,0,1.0149,8.8905,3.8561,0,10.886,1.7104,3.0011,6.5226,1.2742,0,0,0,0.99321,3.9964,7.8519,0,1.6101,2.5787,0,0.81952,0.90504,1.3825,3.157,0.59615,0,0,1.9884,0.64721,5.1532,1.3276,1.1474,1.6663,0,2.4471,4.2671,0,0,2.1582,2.2845,0,0,1.8409,4.8385,0,1.7181,8.6583,2.7485,2.0166,5.4655,0.36864,4.0249,0.43945,0,0.381,0.20278,0.30865,2.0341,1.4211,6.157,0.39649,0,0,0,1.9427,4.9975,5.5952,12.172
50.825,48.09,45.246,41.449,40.494,44.604,40.197,42.909,0,43.018,40.827,21.019,32.075,34.179,30.962,25.321,25.234,28.757,30.442,18.476,12.974,13.638,10.532,11.062,14.112,8.976,10.635,5.0418,7.9136,3.398,7.8096,4.2413,3.6652,3.5619,3.6148,41.973,2.7587,8.5358,0,1.3207,2.1672,0,0,2.0715,0,0.61021,2.183,7.048,4.7954,1.7418,0,0.72339,13.454,2.3266,6.5039,4.242,4.4587,30.177,1.7318,5.3721,47.532,5.2804,0,3.5029,6.1621,2.0873,0.95574,0.7475,1.9543,1.1327,1.1739,1.4856,57.92,0.37765,0.13932,30.838,3.3662,3.4855,8.1943,1.5704,1.0042,1.287,1.5272,2.9104,4.7761,8.7011,0,0,0,13.817,1.4419,7.1792,1.1992,29.706,2.3256,0.52664,4.9383,3.2926,0,0,0.73606,1.8874,3.141,0,0,1.7907,0,0,30.685,13.572,0.48678,1.216,0.86083,3.7028,0.3034,1.6359,4.365,0,0,3.5221,0,1.3108,2.1861,1.6572,1.7815,10.554,4.1116,0,4.3613,2.5331,1.4575,0,1.2491,1.5615,0,0.72391,7.3762,3.325,0,7.6003,1.4566,2.6284,3.8483,0.91767,0,0,0,1.2379,3.6587,6.4347,6.7742,1.5606,1.5022,0,0.59729,1.0767,0.97871,2.8775,0.30289,0,0,1.4089,0.47323,3.9853,1.1773,2.4081,1.6366,0,2.3252,3.497,0,0,1.8203,1.7233,0,0,0.85802,3.5482,0,1.5502,4.7614,1.4719,1.9582,2.9783,0.3243,3.7871,0.22969,0,0.42334,0.20847,0.14547,1.5285,1.3307,7.5768,0.13158,0,0,0,1.0611,3.1974,3.0768,9.1383
6.5077,46.951,36.01,1.0595,1.1653,29.41,21.628,2.7386,43.018,0,50.59,4.9732,46.679,30.566,0.36219,0.9843,0.56124,0.82903,2.3253,56.487,32.002,14.478,0,28.853,1.5544,2.4587,24.352,0,3.2329,0,0,0.025725,0.40716,0.69443,3.6538,7.911,2.8059,6.247,0,1.2589,4.287,0,0,2.5469,0,6.3017,2.302,5.9845,6.3131,3.3891,0,0.95938,12.893,3.6569,7.2977,32.481,7.1889,1.3174,1.5534,5.2083,51.233,31.201,0,6.977,5.8389,2.8234,0.617,1.218,1.7885,0.57391,2.9068,1.1496,0.7702,0.62475,0.24966,27.258,6.1793,1.7672,17.578,1.8966,1.6118,0.75561,1.5604,2.5724,1.9677,1.4575,0,0,0,10.741,2.3606,7.3611,1.5349,22.317,2.0793,0.64786,3.7542,3.3829,0,0,0.98426,1.5705,17.679,0,0,2.2556,0,0,27.349,9.6845,0.39068,2.1907,6.7484,2.8634,0.47551,2.8464,13.589,0,0,8.5672,0,1.7133,2.4121,2.5934,2.0503,10.049,6.9528,0,4.8637,3.1522,1.6381,0,1.8995,1.8787,0,2.135,7.4383,2.9988,44.925,12.954,2.2641,4.6314,4.9176,0.84457,0,0,0,1.3972,4.6956,4.6256,0,2.6943,3.2455,0,0.94346,1.854,1.3678,1.7547,0.58888,0,0,1.5616,0.66844,5.9507,1.2337,3.0128,2.815,0,2.9684,2.9659,0,0,21.094,2.6791,0,0,1.9031,2.2383,0,1.6509,5.7709,1.8876,4.0831,5.2798,0.28696,3.3387,0.59553,0,0.49554,0.54956,0.57884,2.5922,1.4013,10.159,0.40603,0,0,0,1.6492,5.0942,6.3867,25.536
67.091,47.949,44.001,6.5324,15.179,64.751,27.069,37.51,40.827,50.59,0,10.857,37.222,46.565,34.74,1.1223,0.53042,35.839,2.6185,3.4476,27.395,1.5138,0,0,11.568,2.3647,12.998,27.332,6.6821,0,13.882,17.65,0.4676,0.75702,4.0043,8.4425,3.33,7.1461,0,1.4995,6.0992,0,0,2.8523,0,0.67541,2.6648,5.8528,5.5706,10.965,0,1.0706,13.696,3.613,4.401,6.44,5.3387,2.7084,1.8009,5.8395,19.891,6.0301,0,5.8948,6.508,2.7562,0.64822,1.2493,1.6653,1.1796,29.984,1.236,0.79284,0.65163,0.19226,34.643,6.1549,3.6321,18.106,0.80047,55.317,43.214,2.2919,2.6065,1.8528,1.5682,0,0,22.533,13.506,1.766,4.3455,1.5555,20.696,1.7208,23.324,3.9802,3.1979,0,0,0.78894,1.4506,3.9785,0,0,2.4278,0,0,14.49,8.3628,0.39879,1.8564,1.062,2.6453,0.37411,2.0629,13.063,0,0,9.4724,0,1.7557,2.4923,2.0218,1.9036,11.203,5.3566,0,5.0522,2.1059,3.5221,0,1.9976,1.1302,0,2.1529,8.3005,2.7809,0,12.398,2.1167,4.2655,2.9446,1.5477,0,0,0,1.2841,4.8004,4.678,0,2.3783,3.3564,0,2.1362,1.3844,1.447,2.9258,0.73989,0,0,1.6252,0.65975,6.1083,1.221,2.6487,2.4576,0,2.3873,2.7709,0,0,2.7557,2.7892,0,0,2.201,2.2451,0,1.9741,5.9053,1.9675,3.8623,5.4682,0.14479,3.6448,0.54161,0,0.37559,0.44215,0.47441,2.1995,0.63197,10.126,0.43216,0,0,0,1.6183,4.8506,4.5289,30.337
0.65849,0.71939,0.5884,1.0056,0.62531,0.57788,0.57018,0.38033,21.019,4.9732,10.857,0,30.53,2.9395,0.37687,1.1815,0.57188,0.897,2.1549,4.1043,20.571,1.0835,0,7.1337,1.4825,2.5782,1.3418,0,2.1125,0,0,0.017872,0.41182,0.59476,3.5687,7.0422,3.3136,5.7562,45.502,1.5184,3.1001,29.608,0,2.8142,0,0.79343,2.6303,6.1953,3.828,2.2357,0,0.84694,12.949,2.5607,5.0245,2.0889,5.0852,1.916,1.868,3.9232,56.606,6.0208,0,2.4079,5.5868,2.4792,0.8143,1.0418,1.5266,1.5532,1.876,1.014,0.95986,0.57566,0.23967,32.145,3.9328,20.044,10.694,2.0517,0.94361,1.3396,1.1363,2.9679,4.4591,1.828,0,0,0,8.9649,1.5349,8.4018,1.0709,17.314,42.426,0.65854,3.1444,3.656,0,0,0.58094,2.1956,2.0246,0,0,1.9695,0,0,32.368,8.2661,0.36885,1.7296,0.61681,1.8928,0.56584,1.832,8.938,0,0,6.2811,0,1.2718,2.2391,2.298,2.1967,10.701,4.5139,0,5.544,2.6443,2.1698,0,1.5804,2.1654,0,1.6512,7.1385,2.5404,0,10.619,2.2998,3.7851,5.5293,0.72412,0,0,0,0.95026,3.2805,6.6477,0,2.4509,1.9847,0,0.74886,2.0709,0.82521,3.1007,0.51436,0,0,1.7547,0.75828,4.9464,0.753,1.0485,2.662,27.85,1.3108,2.6694,0,0,2.7393,2.2456,0,0,1.6175,2.7309,0,1.4755,6.6676,2.1274,3.7105,4.508,0.38139,2.2901,0.40513,0,0.3496,0.53076,0.40596,1.7535,1.2138,5.6775,0.30016,0,0,0,1.0391,3.9648,4.557,25.346
64.233,58.201,52.141,29.909,54.684,47.667,48.922,35.525,32.075,46.679,37.222,30.53,0,42.295,31.792,24.448,37.82,25.93,26.083,26.889,26.102,14.127,20.328,15.283,7.8958,19.185,12.908,12.818,7.0444,7.916,11.391,8.6531,8.5532,8.5381,10.833,5.3342,7.2778,5.8687,5.2041,4.616,7.8052,3.309,4.3673,3.1916,3.7976,2.2396,2.3566,5.9473,4.7152,2.4118,1.2798,25.142,14.533,3.152,13.025,2.077,5.9801,1.8549,1.2953,4.4468,36.912,4.8022,0,3.6839,6.6939,3.0002,1.1793,1.3589,2.3892,0.88266,1.8069,1.2069,0.73685,0.65967,0.20753,30.007,2.2365,3.546,5.9076,1.6184,1.4132,1.6831,2.6435,2.9131,2.5601,1.0678,0,0,0,9.6763,0.84902,7.1758,1.6653,32.791,1.9154,0.4361,3.1587,2.9057,0,0,0.54585,1.4849,4.2171,0,0,1.8867,0,0,42.548,5.8743,0.28387,1.9285,0.92457,3.0715,0.33988,2.0023,8.2857,0,0,10.298,38.075,2.064,3.1985,1.7295,1.5433,12.054,2.0614,0,4.4019,1.7763,3.5378,0,2.3662,1.9324,0,2.4209,4.9291,3.2286,0,9.1676,2.4294,3.8968,4.4103,1.9068,0,0,0,1.8228,3.7519,9.0939,0,1.4886,1.7085,0,0.9809,1.195,1.3494,3.3656,0.63084,0,0,1.3039,0.7347,6.1431,0.77031,1.4624,1.5839,0,1.3591,3.2312,0,0,2.0214,2.5141,0,0,2.8328,1.5314,0,2.3111,7.9482,1.672,3.7334,3.2126,0.19284,1.8537,0.30035,0,0.32846,0.24656,0.36092,0.85777,1.2786,9.0137,0.15107,0,0,0,1.4414,4.2409,5.3372,21.834
2.4457,51.928,37.788,2.3151,2.5729,27.41,19.82,1.656,34.179,30.566,46.565,2.9395,42.295,0,1.0044,0.90809,3.1365,0.76029,2.1418,44.225,29.694,5.9525,0,9.4267,1.4354,2.2489,24.258,0,3.0147,0,0,0.02354,0.37175,0.63314,3.3473,7.2549,2.5662,5.6786,0,1.1511,3.9174,0,0,2.3384,0,3.6393,2.1105,5.4393,5.6733,3.1258,0,0.8758,11.762,3.351,6.6571,28.411,6.5775,1.2259,1.4119,4.8037,45.621,7.1556,0,6.4934,5.3727,2.5623,0.57904,1.1122,1.6544,0.53301,2.6525,1.0462,0.69925,0.56454,0.1774,25.197,5.5888,1.6574,15.985,1.7218,1.4847,0.70717,1.4426,2.3497,1.8223,1.3227,0,0,0,10.088,2.1837,6.733,1.3965,35.184,1.8386,0.59591,3.4177,3.0731,0,0,0.86647,1.4518,4.6273,0,0,2.0476,0,0,24.919,8.715,0.35197,1.9777,0.50035,2.6469,0.41544,2.6615,12.405,0,0,7.8478,0,1.5596,2.1931,3.2148,1.8968,9.1923,6.3262,0,4.4112,2.8725,1.5298,0,1.7537,1.7127,0,1.9143,6.8445,2.7729,8.2487,11.817,2.0517,4.1934,2.6303,0.79325,0,0,0,1.2916,4.2139,4.3196,0,2.4179,2.8898,0,0.94313,1.6025,1.2856,1.6449,0.53479,0,0,1.4146,0.60587,5.4232,1.1601,2.8095,2.5356,0,2.6617,2.7445,0,0,9.6472,2.6839,0,0,1.8551,2.0902,0,1.4988,5.2418,1.7191,3.6999,4.852,0.25806,2.9644,0.54895,0,0.42872,0.48306,0.5078,2.29,1.2741,9.2165,0.36788,0,0,0,1.5466,4.6,5.7231,23.867
0.53125,0.41515,0.40017,0.41285,0.36788,0.39708,0.35225,27.966,30.962,0.36219,34.74,0.37687,31.792,1.0044,0,10.094,0.40863,9.8965,1.9179,2.6201,20.928,1.4881,0,0,61.079,1.9029,1.1527,14.929,14.179,0,0,22.055,10.368,0.33456,3.9858,4.9005,12.98,3.1123,0,16.771,5.8402,0,0,1.5865,0,0.51845,1.322,4.9433,4.4628,2.5721,0,0.97613,12.937,3.0792,3.8868,4.2196,4.9082,2.305,0.77101,4.2303,18.969,4.5701,0,4.3596,5.1758,2.2959,1.0329,1.1044,2.7222,0.92975,18.275,1.7035,0.61625,0.32231,0.15972,34.828,2.948,2.932,11.695,1.4205,1.4149,1.4067,2.0541,2.4391,1.6701,0.79269,0,0,9.4112,11.936,1.5711,4.3659,1.3721,37.885,1.3692,17.919,35.304,2.5201,0,0,0.6204,1.2797,3.1225,0,0,3.4988,0,0,15.2,4.3189,0.34962,1.4837,0.7793,3.9409,0.29012,1.7147,9.639,0,0,8.1398,0,1.541,2.59,1.4674,1.5667,9.6608,5.0692,0,2.8115,1.7068,2.8382,0,1.518,1.9328,0,1.7827,5.3846,2.4688,0,9.6771,1.6555,3.464,2.8766,1.3365,0,0,0,1.8584,3.3333,7.6436,0,1.7928,2.9388,0,1.5898,1.0542,1.1091,2.9058,0.72494,0,0,0.90996,0.57583,5.4728,0.9771,1.9969,1.8502,0,1.9246,2.4791,0,0,2.011,1.9177,0,0,1.8513,2.1587,0,1.8222,5.7729,1.2387,3.2461,3.8692,0.14049,2.2774,0.29344,0,0.28795,0.34811,0.39008,1.7355,1.37,15.331,0.39636,0,0,0,1.4085,4.2344,4.4414,22.644
1.4863,1.1463,1.1299,56.282,1.1107,1.1232,1.0158,1.4384,25.321,0.9843,1.1223,1.1815,24.448,0.90809,10.094,0,0.8261,0.37597,1.6703,2.525,19.553,1.7265,0,0,56.912,1.9824,1.0315,0,36.98,0,0,0.016029,4.8763,8.5113,22.901,3.4678,1.3397,4.1734,0,0.56698,3.3837,0,0,1.2068,0,0.52597,2.6257,5.2595,6.2871,2.9256,26.516,0.52948,16.311,2.8626,8.1017,3.7287,6.2194,2.0379,0.77591,4.728,15.717,4.2157,38.468,2.2602,6.8535,2.7156,1.1558,0.65484,2.3278,0.94219,2.8511,1.6893,0.54357,0.5698,0.11889,47.975,3.6043,2.4169,9.5374,1.1474,1.1851,1.2777,2.2735,3.0938,2.1305,1.1126,0,0,0,12.181,1.562,8.908,1.4055,40.447,1.3479,0.5573,5.2089,2.831,0,0,0.65655,1.8033,2.789,0,0,2.5513,0,0,32.287,5.7746,0.2439,1.343,0.8467,3.3019,0.27041,2.3353,7.1658,0,0,5.3056,0,1.6573,3.2785,1.3419,2.0692,10.522,4.3263,0,5.2806,1.5257,2.489,0,1.6227,2.5536,0,1.4448,4.627,3.4184,0,4.7815,1.6764,3.8136,4.5824,1.3682,0,0,0,2.017,5.5284,9.401,0,1.6761,1.8532,0,1.3414,0.97995,1.4568,3.0091,0.40593,0,0,1.6543,0.42585,5.2556,0.86353,1.7232,1.6647,0,1.7136,3.2725,0,0,1.5457,2.1177,0,0,1.8629,3.6593,0,2.3838,6.3353,1.9815,2.8815,5.0751,0.10861,1.936,0.29195,0,0.28516,0.24477,0.33338,1.682,1.413,15.417,0.43909,0,0,0,1.4887,4.4625,5.5053,18.15
22.511,12.765,26.648,0.57167,20.305,25.365,28.885,0.33749,25.234,0.56124,0.53042,0.57188,37.82,3.1365,0.40863,0.8261,0,0.61915,1.9294,2.1977,30.777,2.9621,0,0,1.3264,5.3411,0.93435,0,2.8507,0,0,0.01898,0.31637,0.53889,3.0875,6.5848,2.2334,4.379,0,1.0112,3.9254,0,0,2.0195,0,0.53471,1.9907,6.045,23.476,2.8209,0,0.91145,11.367,4.8238,6.3351,3.0135,6.7782,1.1761,1.1976,4.5071,18.006,6.6889,0,3.1502,5.4271,2.8826,0.61089,1.2355,1.4589,0.95326,2.0407,0.97432,0.58348,0.47462,0.23748,21.882,4.3706,2.9715,12.138,1.2779,1.2903,1.4643,1.2586,2.4096,2.8466,1.1389,0,0,0,8.5948,2.1331,7.0496,0.90041,34.475,1.5458,0.51971,2.5317,3.1978,0,0,0.73756,1.2604,1.9479,0,0,1.8894,0,0,25.94,6.5299,0.28006,1.5487,0.92109,2.3007,0.18741,2.1926,12.904,0,0,9.0344,0,0.97418,2.1545,1.6232,2.8983,9.154,5.7761,0,4.1202,2.2987,1.531,0,2.0258,1.7344,0,2.0721,5.0219,2.4279,0,14.738,1.002,4.4259,5.1223,1.5451,0,0,0,1.1236,4.1042,4.323,0,1.5526,2.2103,0,1.597,0.66526,27.201,1.7157,0.5247,0,0,1.3058,0.36602,6.1589,1.5321,1.5668,1.5324,0,1.8687,2.4338,0,0,1.283,3.213,0,0,1.9206,2.0919,0,1.7229,5.0973,1.7093,3.5722,4.9809,0.21648,2.3118,0.4072,0,0.345,0.17884,0.47535,2.72,1.1392,8.2807,0.31618,0,0,0,1.6625,5.037,5.7178,19.064
1.1582,0.92185,0.89356,0.85102,0.79751,0.90998,0.77712,81.912,28.757,0.82903,35.839,0.897,25.93,0.76029,9.8965,0.37597,0.61915,0,24.857,2.4799,26.473,1.3582,0,0,2.742,1.7472,30.587,0,1.8615,0,0,15.699,0.18107,0.33082,3.3987,4.4732,1.267,3.1085,0,4.8123,5.0997,0,0,1.4528,0,0.51587,1.2147,4.5406,4.1696,2.389,0,0.85689,11.34,2.8016,3.8952,4.1914,4.3311,2.4349,12.904,3.5839,17.771,4.3408,0,3.9521,4.3818,2.1055,0.89158,0.98725,2.8907,0.92237,5.3397,1.4768,0.65176,0.30879,0.14607,29.808,2.9558,2.8049,11.959,1.4159,1.6928,1.2889,1.8837,2.1441,1.6437,0.729,0,0,0,10.77,1.4128,4.0229,1.2339,32.224,1.3116,0.65662,5.115,2.3666,0,0,0.60917,1.2838,2.8941,0,0,2.9399,0,0,14.241,4.308,0.18817,1.4774,0.75362,10.184,0.27928,1.5771,8.7629,0,0,7.2411,0,1.3808,2.3739,1.4065,1.4744,8.3021,4.4044,0,2.7038,1.7046,2.8133,0,1.3788,1.6436,0,1.5839,5.4506,2.4626,0,8.7936,1.5173,3.1891,2.6394,1.1763,0,0,0,1.682,2.9212,6.6041,0,1.7046,3.1317,0,1.5449,1.011,1.0185,2.4814,0.62443,0,0,0.8772,0.52245,4.8898,0.93475,1.9374,1.7693,0,1.9142,2.4559,0,0,2.3495,1.7908,0,0,1.6267,2.0223,0,1.6822,5.0688,1.1461,3.0985,3.5057,0.12966,2.4265,0.29421,0,0.27657,0.34128,0.36048,1.621,1.1866,13.358,0.32341,0,0,0,1.2917,3.8882,3.914,21.72
3.5342,2.6028,2.8024,2.4596,2.3637,2.6681,2.3793,29.671,30.442,2.3253,2.6185,2.1549,26.083,2.1418,1.9179,1.6703,1.9294,24.857,0,2.9731,18.965,1.5709,0,0,0.54879,2.0667,1.2731,0,1.9014,0,0,0.025118,0.34359,0.53774,2.8761,6.3541,2.475,22.141,0,1.2031,3.3086,0,0,1.9303,0,0.63607,1.8602,3.7394,4.5183,2.6249,0,0.77659,8.4896,1.8634,4.2245,4.9223,3.877,3.0793,1.6025,1.9111,26.812,5.493,0,4.4787,2.303,2.5179,0.75902,0.91777,20.933,1.1445,2.4543,0.93807,0.32251,0.49956,0.17455,25.36,15.261,2.5703,46.957,1.2986,1.2296,1.2308,1.923,1.4983,2.317,1.5274,0,0,0,8.4805,0.78195,5.2767,1.2731,35.698,1.1262,0.48079,3.2176,1.968,0,0,0.44811,1.2242,2.7127,0,0,2.0197,0,0,20.133,6.0629,0.33936,0.87184,0.93141,4.8769,0.32229,0.93727,6.4672,0,0,4.9409,0,1.5109,1.8547,0.79015,1.148,4.903,5.2916,0,5.055,0.97177,3.0152,0,1.675,1.5879,0,1.3146,2.7243,3.0301,0,9.4812,1.7897,2.1952,3.2358,0.94657,0,0,0,1.662,1.9573,7.0367,0,1.1963,1.0352,0,1.1081,1.2003,1.015,1.8217,0.44845,0,0,1.2249,0.60821,3.9617,0.9217,1.4641,1.2374,0,2.5714,3.1761,0,0,1.5517,2.2186,0,0,1.3755,2.6081,0,1.2344,4.0804,1.4606,2.8297,3.1445,0.1863,1.6891,0.35831,0,0.24585,0.31215,0.24807,1.9266,0.9399,9.4343,0.39164,0,0,0,1.2093,4.2716,3.6659,17.22
2.0821,23.015,8.6763,3.4428,1.6933,70.896,5.6275,2.2825,18.476,56.487,3.4476,4.1043,26.889,44.225,2.6201,2.525,2.1977,2.4799,2.9731,0,31.194,48.544,0,7.569,1.1747,0.98195,0.85292,0,2.4363,0,0,0.017041,0.27931,0.47729,2.6536,6.0264,1.97,4.0563,0,0.90084,3.3104,0,0,1.7424,0,0.53575,1.7413,4.8971,5.7041,2.447,0,0.75648,9.7561,3.2608,5.377,2.8284,5.4424,1.0877,1.0719,3.7982,16.752,13.265,0,2.9565,4.6859,2.2977,0.55874,1.02,1.3653,0.95176,1.8561,0.84911,0.5536,0.43387,0.19276,20.535,3.9517,2.9446,10.904,1.1956,1.1483,1.2369,1.18,2.0401,2.8805,1.0357,0,0,0,7.4686,1.7265,5.8784,0.82667,29.068,1.5745,0.45865,2.5469,2.4537,0,0,0.78603,1.183,1.7842,0,0,1.6431,0,0,21.399,6.1524,0.25704,1.4696,1.0281,2.1586,0.1749,1.8105,11.947,0,0,7.3889,0,0.89628,1.8342,1.4846,14.935,7.9439,4.9737,0,3.578,2.2257,1.4085,0,1.5202,1.4547,0,1.644,4.7661,2.2749,0,10.567,0.9253,3.5615,4.0747,1.2198,0,0,0,1.054,3.3582,3.9773,0,1.5887,1.9822,0,1.5929,0.61951,1.7947,1.5711,0.44232,0,0,1.1387,0.33842,5.0865,1.5978,1.5789,1.4558,0,1.8053,2.2758,0,0,4.7065,2.2663,0,0,1.4925,1.9246,0,1.441,4.3985,1.4793,3.0409,4.0485,0.20779,2.0774,0.3828,0,0.3791,0.1656,0.40578,2.5889,0.96127,7.1461,0.27575,0,0,0,1.3759,4.0896,4.618,19.895
49.204,42.392,42.839,26.025,35.795,31.806,37.528,18.861,12.974,32.002,27.395,20.571,26.102,29.694,20.928,19.553,30.777,26.473,18.965,31.194,0,23.026,20.133,22.325,8.7984,20.651,16.421,15.035,14.933,15.05,13.742,10.486,10.636,10.337,10.639,10.557,9.8893,14.876,12.444,9.413,7.8422,10.601,7.6997,8.9714,6.7768,9.1615,6.2797,5.5267,7.1258,8.6989,6.3084,5.0369,8.9037,4.1614,3.9252,4.2357,2.4359,2.0669,2.302,1.7625,40.078,6.9906,0.8304,4.758,2.1715,2.6703,0.68922,0.92205,1.9739,1.3053,1.4114,0.78346,0.52583,0.40889,0.18299,26.91,2.899,25.166,7.7968,1.2337,0.50895,1.2671,1.7164,1.4547,4.0513,1.0125,0,42.875,0,6.9282,0.71383,4.8303,1.2726,13.238,1.0989,0.3605,2.3819,2.0645,0,0,0.56246,1.1214,3.8267,0,0,1.9582,0,0,18.691,6.5048,0.32878,1.6435,19.067,2.4036,0.45249,1.5334,6.8018,0,0,4.9634,0,1.496,1.6637,5.8982,1.0359,4.7031,4.6749,0,3.2804,1.7865,1.2891,0,1.7569,1.2434,0,1.236,6.1358,3.6567,0,10.397,1.944,2.2727,3.1655,0.9079,0,0,0,1.404,1.7842,6.5059,0,1.4525,1.4543,0,1.4936,1.6917,1.0927,2.0234,0.40477,0,0,1.0446,0.60189,3.9578,1.0982,0.90093,1.5814,0,1.0127,3.6417,0,0,2.1645,2.7744,0,0,1.3865,2.6496,0,0.8876,3.9342,1.2613,2.8087,2.7833,0.29043,1.6285,0.33568,0,0.29382,0.36924,0.32799,2.1318,0.83265,7.586,0.30154,0,0,0,1.1907,4.0703,3.2618,11.986
4.4141,66.534,12.903,1.6621,3.3953,10.383,3.5043,2.8864,13.638,14.478,1.5138,1.0835,14.127,5.9525,1.4881,1.7265,2.9621,1.3582,1.5709,48.544,23.026,0,0.70622,31.261,0.83873,2.3643,0.56334,0,1.016,0,0,0.012934,0.24168,0.40553,3.277,2.5904,1.3976,5.1546,0,0.54967,3.1149,0,0,1.5783,0,0.35146,0.97671,5.4578,5.5383,1.6267,0,0.6827,11.665,2.825,3.9828,4.0489,3.571,2.033,0.81323,2.545,45.212,9.9776,0,5.192,3.2309,2.1067,0.65031,0.63904,2.4478,0.65016,1.3235,0.94703,0.28115,0.39725,0.13507,25.999,2.7005,1.3552,6.6407,0.59474,0.8035,1.3405,1.7192,1.8503,2.3496,0.59664,0,0,0,8.1614,1.076,3.4133,1.323,19.396,1.7703,0.21726,2.72,3.1394,0,0,0.85091,1.8056,7.6657,0,0,1.4917,0,0,15.028,4.9713,0.22383,1.2876,0.6334,3.2014,7.3771,2.0555,4.0931,0,0,3.2295,0,1.5319,2.1459,1.6925,4.3448,6.1327,3.5108,0,3.2541,1.4151,2.2278,0,1.313,0.95009,0,0.91749,5.7434,3.5916,0,9.1857,2.0841,3.0765,2.057,0.58219,0,0,0,1.3878,2.3115,5.9151,0,1.6207,1.3546,0,0.57462,13.402,0.70877,1.8599,0.39879,0,0,1.0345,0.47897,3.9827,0.64269,1.7063,1.6408,0,1.8035,3.5657,0,0,2.5449,1.833,0,0,1.3048,3.5071,0,1.1685,4.5208,1.0389,2.2808,2.0452,0.2177,1.4463,0.24941,0,0.47012,0.47012,24.403,0.98514,0.81479,8.1484,0.22399,0,0,0,1.2612,3.7587,2.5614,20.539
0,0,0,3.9033,0,0,0,0,10.532,0,0,0,20.328,0,0,0,0,0,0,0,20.133,0.70622,0,0,0.55869,0.92731,0.68434,0,1.4563,0,0,0.014334,0.25348,0.43068,2.6016,4.7312,1.757,3.2846,0,0.74771,5.5913,0,0,1.0988,0,0.38371,1.4614,6.3313,7.0391,2.173,0,0.5405,10.488,1.6458,5.2961,2.6896,6.9202,1.4767,0.92917,3.7632,16.673,4.3123,0,3.1113,4.9245,16.548,0.89389,0.66525,1.4162,0.68666,1.5056,1.1293,0.41402,0.28307,37.84,20.967,2.5261,2.0089,6.7648,0.87406,1.0227,0.98524,1.7221,2.3395,2.1967,0.77909,0,0,0,8.7669,1.1107,6.062,1.6018,27.644,1.1056,0.3277,2.3124,1.2233,0,0,0.43607,1.6315,1.5446,0,0,1.0822,0,0,24.785,5.4162,0.21132,1.0639,0.64918,2.1831,0.26954,1.3589,7.4736,0,8.3692,23.891,0,2.0405,2.1598,1.1232,1.9095,8.277,3.0305,0,3.6095,1.5405,1.2754,0,1.4199,1.4748,0,1.6604,3.6238,3.3035,0,12.701,1.7068,3.2723,2.7337,1.3145,28.245,0,0,1.2404,3.8304,6.456,0,1.172,1.6044,0,1.0517,0.93808,1.4073,2.2142,0.64638,0,0,1.126,0.32339,2.9852,1.0211,1.1215,1.4533,0,1.3334,3.2629,0,0,1.2556,1.9627,0,0,1.7706,4.6344,0,1.7915,4.6025,1.3843,3.1137,3.2979,0.1494,1.6891,0.27969,0,0.23756,0.24243,0.30649,2.2726,0.87885,6.7438,0.16745,0,0,0,2.2749,7.3112,3.5508,12.974
0,0,0,0,0,0.37687,0,0,11.062,28.853,0,7.1337,15.283,9.4267,0,0,0,0,0,7.569,22.325,31.261,0,0,0.81397,1.6671,1.0773,0,1.4349,0,0,0.015239,0.3301,0.52801,2.2934,4.0106,2.3161,3.2418,0,0.97178,2.8903,9.4755,0,2.0062,0,0.67655,1.6704,4.1274,4.6285,1.9529,0,0.81267,8.5032,1.1633,4.5466,3.0784,3.4074,1.6289,1.2473,2.4543,32.001,16.428,0,3.5885,3.1051,2.6373,0.55787,1.0162,1.7535,1.2746,1.4865,0.55853,0.50588,0.51046,0.13321,19.334,2.8574,3.0075,7.3968,1.1738,0.78103,1.011,1.2466,1.6511,3.7215,1.0292,0,0,0,4.2345,1.0309,5.8242,1.0384,18.714,2.1973,0.37126,1.5274,1.9539,0,0,5.8857,1.9565,13.557,0,0,1.8309,0,0,23.641,5.1507,0.28779,1.2315,1.1425,2.308,0.34193,0.95619,6.5681,0,0,5.1343,0,1.5211,1.5936,0.70972,1.9375,5.8464,3.9269,0,3.925,1.4178,2.2247,4.1096,1.7292,1.5421,0,1.0422,2.9114,1.755,0,11.463,1.4845,1.6607,3.6185,1.0123,0,0,0,1.0296,2.2228,4.9267,0,15.518,1.3873,0,1.1969,1.1949,1.0013,1.704,0.41515,0,0,1.2371,0.44849,3.1909,0.54072,1.564,1.8756,0,1.6346,5.8137,0,0,0.97946,2.4477,0,0,1.466,3.5017,0,1.0865,3.7574,1.4942,2.1256,2.7269,0.17997,1.4183,0.26375,1.9613,0.27776,0.33038,0.38016,1.9874,1.0392,6.186,0.27822,0,0,0,1.1597,3.6148,3.0343,20.181
2.5529,1.7937,1.9341,1.9198,1.5623,1.8127,1.6497,1.9867,14.112,1.5544,11.568,1.4825,7.8958,1.4354,61.079,56.912,1.3264,2.742,0.54879,1.1747,8.7984,0.83873,0.55869,0.81397,0,1.6943,1.0701,12.363,31.254,0,0,25.025,20.629,12.362,17.023,4.4843,27.659,3.9789,0,1.1225,3.4438,0,0,2.2285,0,0.52744,5.1256,4.8651,4.2323,2.6068,19.558,0.68493,13.199,2.33,4.4574,4.4981,4.4974,2.2044,1.3223,4.8501,23.266,4.78,2.1239,4.0559,6.2323,1.8315,1.0728,0.79223,2.5306,0.94069,11.897,1.1656,0.28155,0.57016,0.083409,28.943,3.877,2.1107,10.562,1.0396,0.48573,1.1119,1.5086,2.6557,1.9638,0.96501,0,0,20.333,7.4912,0.83331,5.617,1.3439,38.274,0.96398,13.194,26.694,1.8523,0,0,0.39206,1.0727,2.3208,0,0,1.2575,0,0,20.903,4.972,0.25393,0.75608,0.79626,4.031,0.27978,0.88285,5.396,0,0,4.6673,0,1.4791,1.9293,0.73005,1.0931,11.775,2.4033,0,3.971,0.91181,2.4125,0,1.2903,1.9762,0,1.0445,2.4593,2.4155,0,6.4804,1.4701,2.1723,3.1953,1.2286,0,0,0,1.3722,3.068,7.5444,0,1.0334,1.2222,0,0.9809,1.0344,1.1449,3.1451,0.47822,0,0,1.2687,0.31813,4.5654,0.81564,1.2895,1.061,0,2.0069,2.5669,0,0,1.8342,0.92486,0,0,1.2668,2.4149,0,1.2839,5.8294,1.5105,2.1042,3.3445,0.15236,1.1552,0.21481,0,0.21477,0.26904,0.21891,1.6999,1.0782,11.935,0.15138,0,0,0,1.0955,2.9124,3.3346,15.459
44.584,1.3824,1.3665,2.901,21.454,2.7513,2.0522,1.7761,8.976,2.4587,2.3647,2.5782,19.185,2.2489,1.9029,1.9824,5.3411,1.7472,2.0667,0.98195,20.651,2.3643,0.92731,1.6671,1.6943,0,0.69617,0,2.088,0,0,0.015238,0.24796,0.43334,2.4299,4.8339,1.718,3.3163,0,0.77034,3.222,0,7.8125,1.6132,0,0.39018,1.5308,5.3952,9.6484,2.1356,0,0.76459,9.1703,15.776,5.3868,2.6652,5.5021,0.99278,0.91633,3.4382,15.499,4.8024,0,2.7863,4.2081,2.6017,0.49627,0.99386,1.2795,0.69483,1.6278,0.77355,0.43443,0.36668,0.22215,19.349,3.2075,2.1473,8.8041,0.92689,0.96304,1.0395,1.1099,1.9129,2.1495,0.8547,0,0,0,6.4233,1.5647,5.5843,0.74131,25.792,1.1408,0.38639,2.23,20.982,0,0,0.56658,1.1149,1.5906,0,0,1.4912,0,0,20.641,5.1049,0.22002,1.1233,0.66121,2.0331,0.16292,1.4749,7.3125,0,0,6.5458,0,1.4267,1.7379,1.1818,2.1186,7.0698,4.8028,0,3.2989,1.5958,1.2696,0,1.5121,1.3567,0,1.2639,3.6851,2.137,0,14.149,0.84137,3.4262,4.8936,1.3232,0,0,0,0.99244,3.1946,3.5851,0,1.1466,1.5992,0,1.1468,0.953,1.6384,1.3997,0.41902,0,0,1.0431,0.30866,5.1418,1.07,1.1477,1.5171,0,1.3608,2.1288,0,0,1.1293,2.1947,0,0,1.642,1.7348,0,1.3728,4.0005,1.3344,3.1106,3.8605,0.15717,1.6797,0.28772,0,0.24944,0.15156,0.34161,1.8271,0.88298,6.3822,0.25251,0,0,0,1.3451,4.3536,4.4861,13.604
1.7528,1.4436,1.393,0.58342,1.1952,51.143,1.1973,34.164,10.635,24.352,12.998,1.3418,12.908,24.258,1.1527,1.0315,0.93435,30.587,1.2731,0.85292,16.421,0.56334,0.68434,1.0773,1.0701,0.69617,0,5.7121,1.5693,0,0,0.020015,0.31728,0.51555,2.6548,6.2994,2.274,5.5227,0,1.0715,4.1285,0,0,1.9355,0,0.50118,1.8021,3.8579,3.636,2.2179,0,0.71198,9.1796,2.4169,3.34,31.031,3.5368,2.0054,1.2949,3.9958,15.052,3.9258,0,3.6106,4.3805,1.7908,0.71533,0.8267,1.2634,0.87308,21.878,0.8239,0.5877,0.46629,0.12419,23.112,4.4992,2.5592,13.712,1.3256,36.034,1.272,1.5496,1.7308,1.4052,1.155,0,0,0,8.5363,1.201,3.3959,1.0274,15.704,1.1444,0.53944,2.9977,2.0513,0,0,0.53113,1.1009,2.5804,0,0,2.1864,0,0,12.062,3.6914,0.28819,1.3594,0.69239,7.5042,0.24423,1.4776,7.6643,0,0,6.0878,0,1.1462,1.9311,1.3201,1.298,7.4741,3.5808,0,3.3523,1.5092,2.6399,0,1.2188,0.85485,0,1.3025,4.892,2.1102,0,7.6815,1.3188,2.7074,2.226,0.99316,0,0,0,0.97995,2.3239,5.2638,0,1.4702,2.4634,0,1.4834,0.89097,0.90231,1.9229,0.50373,0,0,1.076,0.43328,4.0594,0.80546,1.7189,1.5274,0,1.7536,2.102,0,0,2.1814,1.6753,0,0,1.3969,1.713,0,1.3863,4.0535,1.3504,2.5943,2.7926,0.10949,2.5139,0.25226,0,0.24204,0.29548,0.31232,1.3961,0.55363,7.328,0.28044,0,0,0,1.0797,3.2387,3.1421,19.616
63.897,0,0,0,0,3.3169,0,5.8438,5.0418,0,27.332,0,12.818,0,14.929,0,0,0,0,0,15.035,0,0,0,12.363,0,5.7121,0,12.336,0,10.774,18.113,0.38552,0.54215,3.2027,5.2949,3.0503,4.3547,0,1.3979,3.7418,0,0,2.5562,0,0.46875,2.5328,4.0148,3.673,35.951,0,0.69792,11.2,2.1212,4.1376,3.5831,3.7299,1.7711,1.5924,3.3859,14.796,3.8332,0,4.0358,4.7582,1.8497,0.67615,0.79426,1.1718,0.82531,1.9413,0.84237,0.69693,0.38149,0.12886,13.278,3.0021,2.1559,8.8807,1.055,17.778,1.3254,1.8848,1.8102,1.6838,1.366,0,0,32.693,22.961,1.3807,3.0084,1.0188,13.299,1.1302,32.338,3.1929,2.4505,0,0,0.55872,1.1344,2.3696,0,0,1.644,0,0,11.857,5.2627,0.27644,1.1832,0.73252,1.456,0.2747,1.6192,7.9205,0,0,5.5426,0,1.1815,2.3188,1.242,1.288,9.287,3.8272,0,4.3818,1.3315,2.2235,0,1.3253,0.79259,0,1.3717,5.4904,2.5368,0,7.9135,1.4181,2.8444,1.9062,0.95072,0,0,0,1.5823,2.4113,5.4755,0,1.3966,1.5787,0,1.2825,0.97788,0.87238,2.6528,0.45504,0,0,1.3845,0.44727,3.6564,0.7726,1.5761,1.4466,0,1.5233,2.5619,0,0,2.02,1.7183,0,0,1.4081,1.6838,0,1.5995,5.4161,1.7129,2.7086,2.3437,0.09814,1.7264,0.26142,0,0.2671,0.2942,0.26419,1.4008,0.66339,4.385,0.26946,0,0,0,1.0442,3.3036,3.0938,18.296
30.039,3.7734,3.6923,2.2829,3.5028,3.4152,3.3706,2.7834,7.9136,3.2329,6.6821,2.1125,7.0444,3.0147,14.179,36.98,2.8507,1.8615,1.9014,2.4363,14.933,1.016,1.4563,1.4349,31.254,2.088,1.5693,12.336,0,0.85684,38.25,6.1664,7.8669,0.71039,6.8037,2.514,3.1468,3.9179,0,1.2099,3.3657,0,0,2.3347,0,0.59968,2.342,5.2923,2.3267,6.4368,46.714,0.89061,10.245,1.8449,4.8332,2.0247,3.9176,1.6716,1.6283,3.3999,23.886,3.4784,0,3.711,4.3326,1.8087,0.56739,0.78165,2.4424,1.0486,0.92598,0.52594,0.55341,0.40668,0.12484,25.955,1.8791,2.5776,4.6786,1.2351,1.1372,1.4798,1.4372,1.9333,1.9847,0.76159,0,0,0,30.821,1.4351,6.8277,1.3233,28.431,1.4171,0.25465,3.5722,2.5112,0,0,0.46112,1.0926,2.9285,11.581,0,2.6627,0,0,28.743,4.8478,0.23271,1.4676,0.85067,3.1239,0.29223,1.455,5.569,0,0,4.6607,0,1.5439,1.5435,1.1939,1.2317,7.5345,4.4962,0,5.1126,1.2968,3.0119,0,1.2475,1.2567,0,1.0494,4.4089,2.4497,0,7.5249,1.7954,2.2124,2.5774,1.0704,0,0,0,1.2769,2.6104,5.8685,0,1.0436,1.4477,0,0.8846,1.0869,0.90287,1.7938,0.49878,0,0,1.6166,0.44325,4.2627,0.52099,1.1264,1.0658,0,1.4461,2.5904,0,0,1.7802,1.6325,0,0,1.3348,2.4181,0,0.95177,4.4324,1.8839,2.4276,3.2821,0.14712,1.4997,0.24802,0,0.29085,0.24012,0.22388,1.0597,0.74449,9.8185,0.40719,0,0,0,0.77856,2.4098,3.4729,13.09
0,0,0,0,0,0,0,0,3.398,0,0,0,7.916,0,0,0,0,0,0,0,15.05,0,0,0,0,0,0,0,0.85684,0,0,0.014752,0.27397,0.49328,3.37,3.4835,1.8701,3.5211,0,0.77429,3.7725,0,0,8.4229,50.801,0.32071,1.6807,3.7308,4.156,1.4487,0,0.94971,21.304,2.0867,4.3027,1.9837,4.4973,0.96231,0.94814,4.8163,20.128,2.272,0,1.8581,4.841,1.7249,10.564,1.0311,1.5526,0.57904,1.5318,1.5305,0.43533,0.364,0.15414,25.546,2.4683,1.9563,6.6303,0.88184,1.0015,0.82805,1.8427,1.8447,1.7373,0.87833,0,0,0,8.4925,1.0746,8.2929,1.3248,32.659,0.94812,0.41007,2.4707,1.7715,0,0,0.42381,1.1986,2.1701,0,0,1.0059,0,0,20.199,4.42,0.20621,1.0494,0.5009,1.8406,0.19201,1.4672,4.9314,0,0,4.7436,0,1.5721,1.2025,1.2052,1.3462,10.859,5.0108,0,5.1188,1.3492,1.7577,0,1.0463,1.701,0,1.0297,4.1721,2.4048,0,4.8598,1.1598,2.4238,2.8854,1.0064,0,0,0,1.7335,3.254,9.971,0,1.1281,1.5966,0,0.71643,0.69934,0.98839,2.9243,0.39496,0,0,1.5558,0.59584,4.3836,0.66036,0.96261,1.1492,0,0.90216,2.43,0,0,1.1941,1.6126,0,0,1.3375,2.2768,0,1.3153,6.6294,1.9739,2.319,2.6363,0.12796,1.6694,0.25277,0,0.19314,0.18888,0.24165,1.203,0.88421,7.8028,0.29826,0,0,0,0.75187,3.1944,4.0895,11.462
43.904,0,0,0,0,0,0,0,7.8096,0,13.882,0,11.391,0,0,0,0,0,0,0,13.742,0,0,0,0,0,0,10.774,38.25,0,0,0.016203,0.3173,0.47855,1.4191,5.516,2.4119,3.9107,0,1.093,4.3767,0,0,2.026,0,0.21134,2.2078,3.9191,3.6749,23.513,0,0.93,5.6691,2.641,4.2131,4.0575,3.7336,1.7479,1.2147,2.903,25.006,3.8618,0,4.3101,3.7982,1.8311,0.67305,0.88468,1.8108,0.74255,0.81083,0.65169,0.42397,0.38523,0.12764,22.821,2.949,2.3943,8.553,0.63619,0.94,12.931,1.3746,1.6456,1.2737,1.1584,0,0,0,4.5927,1.4992,6.9843,1.0792,23.009,1.0842,0.59387,2.9416,2.0487,0,0,0.4793,0.95138,2.6658,37.108,0,1.8118,0,0,23.874,3.239,0.22299,1.1439,0.65008,2.5921,0.231,1.3697,8.1898,0,0,6.4494,0,1.199,1.0816,1.2478,1.2513,6.6046,4.0336,0,3.6739,1.2844,2.2012,0,1.3685,1.747,0,1.3451,5.0242,1.8515,0,8.4016,1.4035,2.6519,2.3541,1.1101,0,0,0,1.1828,2.4256,5.4659,0,1.3962,1.3597,0,1.3143,0.85058,0.97385,1.8921,0.59612,0,0,1.1549,0.44187,4.3551,0.76058,1.5557,1.4303,0,1.471,1.8756,0,0,1.6752,1.8225,0,0,1.6143,1.7344,0,0.74156,3.5997,1.7055,2.3884,4.0678,0.11442,1.4149,0.21803,0,0.22927,0.2664,0.32661,1.3985,1.1373,8.6974,0.27055,0,0,0,1.0868,3.2387,4.3999,13.22
0.034466,0.029653,0.026193,0.028086,0.025465,0.027039,0.023744,0.025662,4.2413,0.025725,17.65,0.017872,8.6531,0.02354,22.055,0.016029,0.01898,15.699,0.025118,0.017041,10.486,0.012934,0.014334,0.015239,25.025,0.015238,0.020015,18.113,6.1664,0.014752,0.016203,0,4.8653,0.25218,2.8165,5.6,7.9259,4.2122,0,42.201,3.7846,0,0,1.7665,0,0.41959,1.5674,3.538,3.2001,1.7213,0,0.86364,9.0686,2.126,2.2679,3.0911,3.4572,1.6955,10.184,2.253,21.341,3.416,0,3.7807,3.3662,1.7235,0.88129,0.92963,2.1407,0.75684,17.338,0.90983,0.64565,0.32292,0.1178,14.786,3.1829,2.5898,9.5604,1.3482,0.79535,1.3125,1.2728,1.7036,1.333,0.93915,0,0,18.615,8.7147,0.78784,4.7353,1.1789,24.294,0.97145,24.927,8.8967,1.6775,0,0,0.36299,0.70586,2.6881,0,0,1.9592,0,0,17.101,4.6442,0.26196,1.0493,0.59743,2.9748,0.21136,0.91842,5.7858,0,0,5.4826,0,1.3649,1.6206,0.98244,0.85362,6.6016,3.5246,0,2.7465,1.0126,2.5703,0,1.2594,1.7689,0,1.0109,3.7881,1.6225,0,8.7997,1.4626,1.8905,2.8402,1.0684,0,0,0,1.1047,1.9179,6.8722,0,1.2071,1.7106,0,0.89388,0.80489,0.72187,1.9126,0.53829,0,0,0.87416,0.43028,4.0212,0.68786,1.1698,1.2062,0,1.429,1.8223,0,0,1.2773,1.3359,0,0,1.5636,2.1864,0,1.0777,3.9492,1.2575,1.8853,2.7606,0.14067,1.888,0.15172,0,0.19818,0.19532,0.26095,1.2191,0.90608,8.4203,0.27497,0,0,0,0.98814,2.9754,3.0592,12.534
0.60983,0.47724,0.45277,0.49905,0.42261,0.44383,0.39866,0.54699,3.6652,0.40716,0.4676,0.41182,8.5532,0.37175,10.368,4.8763,0.31637,0.18107,0.34359,0.27931,10.636,0.24168,0.25348,0.3301,20.629,0.24796,0.31728,0.38552,7.8669,0.27397,0.3173,4.8653,0,6.8518,2.9262,3.9323,16.558,2.2855,0,2.3139,4.1571,0,0,1.2903,0,0.35069,3.4012,3.4959,3.1235,1.7238,0,0.72118,9.441,2.0504,2.8379,2.8086,3.5142,1.5718,1.2717,3.2003,15.088,3.1396,0,3.0072,3.7897,1.6088,0.7746,0.81281,1.8244,0.62561,1.9461,1.2245,0.41336,0.25003,0.11156,26.412,2.1503,2.0803,7.8582,0.98577,0.91679,0.97317,1.4241,1.7353,1.2525,0.6423,0,0,0,7.7089,1.1281,3.5313,0.99974,28.863,0.94229,0.52921,14.264,1.7087,0,0,0.41898,0.93214,2.2304,0,0,2.5156,0,0,12.091,3.1778,0.23229,0.99126,0.52244,2.5845,0.19672,1.1516,6.2827,0,0,5.3752,0,1.1068,1.4518,0.98591,1.0731,7.0738,3.5547,0,2.1711,1.1419,1.926,0,1.0337,1.4105,0,1.183,3.5669,1.8165,0,6.7739,1.1479,2.3141,2.3357,0.97256,0,0,0,1.2906,2.363,5.5223,0,1.1602,1.9586,0,0.99613,0.71144,0.75288,2.1586,0.54076,0,0,0.70067,0.40102,3.9716,0.66915,1.2676,1.1911,0,1.2759,1.8425,0,0,1.3311,1.2825,0,7.8604,1.3231,1.7171,0,1.2425,4.1141,0.99802,2.2119,2.8249,0.11346,1.5004,0.21359,0,0.19401,0.23418,0.24848,1.1906,0.92344,11.234,0.29286,0,0,0,0.97785,2.9499,3.1063,14.32
