0,159.73,104.65,191.31,141.83,99.867,102.64,120.14,1.3168,46.018,1.385,25.624,28.519,13.483,20.503,50.119,1.4972,15.368,1.5278,1.5725,1.6855,104.04,7.1395,1.6401,0.89708,2.1617,110.54,3.8529,0,0,0,28.46,0,0,0,2.0682,0.87377,10.404,30.91,2.3036,12.331,0.096652,2.2654,16.366,0,2.6139,6.4144,12.761,3.035,1.0774,0,9.65,31.177,2.5639,6.3935,2.0412,3.5895,13.16,29.329,0,2.7294,2.6775,1.0423,2.8825,0,56.328,3.5667,12.125,21.36,2.6036,3.0359,1.874,15.882,0,5.6178,13.092,25.906,23.284,4.0557,3.5634,16.65,3.3736,6.9283,32.29,37.314,40.478,8.9156,2.3813,0,3.7079,3.4568,1.6326,2.1598,3.0763,9.5907,1.4697,1.4613,15.411,9.464,13.239,3.4578,3.0554,7.1283,3.3885,4.964,2.7308,4.1857,4.8568,1.623,2.4664,3.507,4.6167,0,4.2089,4.8444,5.1046
159.73,0,46.064,0.4977,55.804,2.6006,44.835,137.63,0.54117,103.55,0.59145,53.864,57.44,39.42,40.528,78.522,1.4426,44.785,0.68909,0.65373,0.66499,30.456,11.609,3.3414,1.8623,2.1325,20.049,1.633,8.4291,0,0,5.1223,0,0,0,0.93783,1.281,39.865,0,2.2246,11.449,30.136,1.0258,41.752,0,1.1152,34.323,10.398,2.9293,1.9098,0,17.533,53.961,1.1902,20.941,1.0639,2.9633,12.237,27.453,0,2.2286,3.2805,0.82871,1.3456,0,48.809,7.2747,7.2747,50.959,2.7924,1.9245,3.0193,17.915,0,4.0263,11.071,23.89,51.029,3.974,2.1889,13.076,1.7109,11.717,37.229,26.729,36.073,38.266,1.2338,0,2.6369,3.3798,1.3693,2.9963,1.5388,8.1104,3.7947,3.6495,15.462,3.9842,13.287,1.6729,3.0306,7.4371,1.8242,4.0331,3.834,13.69,3.3048,3.4962,3.1765,1.7096,4.395,0,4.0917,2.997,12.376
104.65,46.064,0,0.49167,46.432,0.47857,54.355,108.31,12.572,53.245,0.58462,33.604,29.841,17.292,1.4879,142.3,1.5035,73.512,0.68151,0.64506,0.66017,9.2202,11.8,3.1221,1.7371,67.155,0.697,1.62,0,0,0,4.824,0,0,0,0.927,1.2653,22.055,0,2.3349,11.896,0.12403,1.0111,36.766,0,1.104,31.662,9.5424,2.6409,2.0586,0,16.51,65.067,1.1785,8.0039,1.0179,2.9226,10.67,29.015,0,2.2922,3.3711,0.77731,1.3301,0,46.013,6.8629,6.8629,46.373,1.4499,1.9201,2.7909,19.799,0,4.2047,10.32,21.648,46.191,7.4922,2.1402,12.321,1.7056,11.193,36.624,26.139,34.236,37.458,1.2311,0,2.58,3.5358,1.2892,2.9852,1.521,7.9339,3.3228,3.2941,15.943,4.2823,13.513,1.6535,3.022,7.1818,1.806,3.8135,3.733,11.759,3.636,3.3383,2.9824,1.6962,4.143,0,4.2684,3.0257,10.49
191.31,0.4977,0.49167,0,0.51555,36.609,0.52734,0.96064,0.53453,93.511,0.5842,21.691,28.396,11.724,42.436,1.212,0.63781,1.2873,0.68067,0.64567,3.1145,0.70389,9.7913,86.42,107.73,1.5497,0.69887,1.6133,0,0,0,75.841,0,0,3.714,0.92634,0.79284,6.3913,30.966,1.7535,9.5254,0.042632,1.0131,13.863,0,1.1017,5.7643,10.252,2.2754,1.5299,0,24.432,44.556,2.031,7.8351,2.144,2.3949,11.846,21.852,0,1.6832,2.7302,1.0049,2.2995,26.142,39.079,7.348,7.6489,44.586,2.0956,2.8014,4.0442,17.493,0,3.2412,12.548,20.652,41.77,2.6996,1.8621,15.64,1.6906,10.487,38.907,46.498,38.728,41.179,1.2193,2.6557,2.6028,2.5115,1.9888,2.9608,1.52,7.3722,3.288,3.698,17.199,3.2409,10.025,2.7762,4.8469,6.8664,1.9388,3.406,3.4174,13.611,3.2978,4.6298,2.8451,1.689,5.1962,0,3.0564,2.935,13.047
141.83,55.804,46.432,0.51555,0,0.50127,46.03,113.37,0.51875,82.055,0.56659,65.812,67.008,36.289,21.169,81.218,1.3821,35.572,0.65944,0.62827,0.68347,30.053,11.238,3.1142,1.7391,2.0396,15.325,1.5538,0,0,0,4.7846,0,0,0,1.8852,1.2279,29.158,0,2.1097,10.737,0.12036,0.98803,78.115,0,1.0654,14.003,9.6752,2.7117,1.8591,0,16.391,52.261,1.1365,8.0671,1.0007,2.79,11.325,26.104,0,2.1075,3.1639,0.76744,1.2891,0,28.128,6.8203,6.8203,47.979,2.5336,1.8106,2.8065,18.101,0,3.8188,9.8215,22.045,48.217,33.96,2.1378,12.111,1.6122,7.7374,37.289,26.102,36.86,37.289,1.1606,0,2.5718,3.1641,1.2745,2.8256,1.4741,7.9135,3.521,3.3865,15.589,4.3097,13.334,1.6026,2.8533,7.3553,1.8627,3.9887,3.7249,12.517,3.5239,3.3288,2.996,1.6264,4.1696,0,3.8221,2.9711,11.391
99.867,2.6006,0.47857,36.609,0.50127,0,0.51275,0.98982,0.51936,126.14,0.56803,63.75,72.772,46.797,56.01,1.2479,1.1774,1.3173,0.66261,0.62547,29.773,0.69411,9.8071,93.21,104.56,1.5874,0.67436,14.879,0,38.225,0,6.0995,0,0,0,0.9007,18.404,6.6184,0,1.7633,9.6242,0.041022,0.97897,13.975,0,1.0746,5.8469,20.043,2.3566,1.559,0,20.778,45.405,2.0513,7.9965,50.519,2.8999,12.505,22.231,40.011,1.7037,2.6752,11.763,2.3201,0,42.471,7.9504,8.429,48.179,2.115,2.792,6.7057,17.507,0,3.2432,12.252,19.794,43.588,2.8056,2.0372,15.033,1.6738,11.534,41.416,50.372,40.429,35.959,1.2092,0,22.177,2.552,1.6419,2.9264,1.4779,7.3761,3.4637,4.0981,17.288,2.508,9.8879,2.7895,4.7016,7.1682,1.8451,3.5275,3.6493,14.975,3.2676,4.5025,2.7906,1.6552,4.9915,0,3.1042,2.691,14.061
102.64,44.835,54.355,0.52734,46.03,0.51275,0,95.432,9.1732,52.931,0.55391,53.119,48.72,28.874,1.3928,103.85,1.3929,43.835,0.64469,0.61421,0.66818,15.412,11.194,2.9215,1.6312,30.81,0.6671,1.519,0,0,0,4.5108,0,0,0,1.8987,1.2004,18.318,0,2.1209,10.707,0.11767,0.96592,71.868,0,1.0415,5.7161,8.9777,2.5058,1.8885,0,15.451,58.575,1.1111,7.7263,0.97826,2.7275,10.411,26.502,0,2.1513,3.1682,0.71962,1.2603,0,27.499,6.4375,6.4375,44.194,1.341,1.7701,2.614,16.881,0,3.8339,9.5286,22.507,44.21,54.267,2.09,11.492,1.5762,7.2594,36.454,25.518,36.454,36.454,1.1346,0,2.5142,3.1487,1.2008,2.7624,1.4412,7.7365,3.2307,3.1358,14.542,3.9711,13.289,1.5667,2.7895,6.385,1.8722,4.4657,3.6415,12.496,3.0925,3.1133,2.8172,1.59,3.9562,0,3.796,3.2863,11.238
120.14,137.63,108.31,0.96064,113.37,0.98982,95.432,0,102.86,95.053,59.122,24.624,27.345,1.3139,47.336,37.839,67.642,34.361,1.531,19.017,1.3045,37.881,6.3703,2.7167,1.5124,9.0598,22.278,3.0197,0,0,0,2.4168,0,0,0,48.623,1.1379,29.956,0,67.188,21.628,78.746,1.9404,11.218,0,2.7046,26.929,6.5991,2.5281,1.8097,0,8.4996,35.065,2.2702,5.9569,1.6272,2.7523,10.595,28.906,0,1.5134,2.548,0.75737,2.5214,0,41.933,3.6004,8.5572,54.323,2.219,2.5403,1.8819,6.4453,0,5.5588,9.6884,22.617,53.824,1.3362,3.2504,12.131,3.808,7.2821,54.173,44.017,54.173,53.119,6.0675,0,3.7237,0.85127,1.147,3.4188,2.9143,9.6506,2.6884,2.7642,6.2128,7.1982,9.5992,3.073,4.4473,5.3259,3.4229,1.8916,4.6564,13.697,4.0009,2.9221,2.5692,3.7668,2.9962,0,0.94152,3.0703,14.039
1.3168,0.54117,12.572,0.53453,0.51875,0.51936,9.1732,102.86,0,2.0597,39.669,1.0917,1.0949,1.1841,1.1838,91.326,101.33,42.912,21.699,22.978,0.6504,0.6515,35.865,2.5122,1.4003,15.479,0.65222,1.4969,0,0,0,3.9673,0,0,0,45.427,1.0593,4.7528,0,2.4512,11.467,0.10689,0.94503,12.117,0,2.7172,5.1804,7.5093,2.0356,2.0063,0,13.606,68.591,3.3618,6.1599,0.97077,2.417,8.3621,30.495,0,1.8025,3.1059,0.62763,1.2369,0,26.688,7.1465,6.1752,35.756,1.3287,1.7562,2.2104,13.384,0,4.069,8.2048,18.158,35.18,2.844,2.0282,10.452,1.5623,6.25,32.441,24.765,34.77,31.024,28.328,0,2.2459,3.0024,1.0584,3.118,1.1947,7.5123,2.5992,2.6029,12.654,4.1689,12.153,4.6131,2.7665,5.3963,1.2801,3.5004,2.93,10.239,2.9626,2.6769,2.4634,1.5671,3.5423,0,3.5974,3.0355,9.3148
46.018,103.55,53.245,93.511,82.055,126.14,52.931,95.053,2.0597,0,1.08,15.755,18.535,3.9717,28.678,23.566,1.1776,9.4545,1.1737,1.217,1.4741,41.508,6.757,2.6768,1.5348,1.7048,40.853,3.1722,0,0,0,2.2404,0,0,0,1.5886,1.1258,8.6952,0,1.7911,8.8133,0.089877,1.6984,13.679,0,1.9733,5.361,14.608,62.187,0.78127,0,8.0608,23.35,1.8958,4.7786,1.5032,3.2786,58.073,20.842,19.893,1.9003,2.0096,62.028,2.1426,0,49.553,3.6158,8.8221,18.227,1.9391,2.2588,2.048,12.011,0,4.6197,11.716,20.58,20.99,3.0508,3.391,13.185,2.4098,6.0446,25.521,15.885,29.953,44.956,1.6832,0,3.4427,2.7405,1.2214,2.8635,2.2954,7.2991,1.4071,1.3865,11.477,8.25,12.278,2.5627,2.2896,4.8864,2.5369,3.4918,2.2876,3.2582,3.6004,2.9056,2.6937,2.5628,3.4872,0,3.2691,4.302,11.104
1.385,0.59145,0.58462,0.5842,0.56659,0.56803,0.55391,59.122,39.669,1.08,0,0.96679,0.9677,1.051,1.0354,51.045,105.27,11.894,28.724,15.563,0.60315,0.59467,73.553,2.1991,1.2271,1.681,0.60217,1.3712,0,0,0,3.4775,0,0,0,48.616,0.63393,4.421,0,2.0792,10.314,0.09261,0.87191,10.43,0,2.3471,4.5058,6.5175,1.772,1.8758,0,11.916,60.036,1.0029,5.4071,0.88305,2.1179,7.2596,24.482,0,1.7917,3.2192,0.54573,1.1376,0,24.822,6.2772,5.4675,30.938,1.2105,1.5978,1.9208,11.564,0,4.7092,7.1607,15.688,30.378,2.4281,1.8865,9.1508,1.4228,5.453,28.14,23.034,29.996,26.968,2.1942,0,2.4334,2.5238,0.92487,2.7155,1.3009,6.9835,2.243,2.2536,10.952,3.8032,10.267,1.4142,2.4708,4.6421,1.3251,3.0443,2.5136,8.8555,2.5445,2.3274,2.1536,1.4353,3.0107,0,3.0159,2.6185,8.0639
25.624,53.864,33.604,21.691,65.812,63.75,53.119,24.624,1.0917,15.755,0.96679,0,38.868,34.315,0.52252,14.03,1.1333,1.2459,1.1586,1.1971,103.76,71.543,5.8396,2.9085,1.644,1.5554,65.16,42.57,23.206,0,0,2.1805,19.638,0,0,1.5148,1.0774,8.321,0,1.6494,8.8769,0.078685,1.7782,13.09,0,1.8992,5.1304,11.424,2.0661,0.84232,0,8.4582,24.457,1.9644,5.2884,1.7345,2.9259,8.6313,19.838,0,2.1138,2.0076,0.77085,2.214,0,47.764,4.774,7.5178,24.452,2.0268,2.385,1.7259,13.255,0,4.2164,13.412,18.587,40.842,2.9101,26.675,11.879,2.3877,4.5338,14.675,24.16,42.692,16.43,1.714,0,3.5957,2.3638,1.2341,3.4239,2.2769,6.7704,1.2902,1.3521,12.952,9.0761,10.622,2.6151,2.6882,5.7802,2.4896,3.7847,2.4817,13.17,2.3556,3.2387,2.3556,2.5195,3.0712,0,2.8532,4.0671,14.123
28.519,57.44,29.841,28.396,67.008,72.772,48.72,27.345,1.0949,18.535,0.9677,38.868,0,29.944,0.51355,13.943,1.0986,1.2247,1.121,1.1581,87.074,54.709,5.7274,2.7959,1.579,1.5197,86.948,25.885,9.3459,0,0,2.144,5.6741,0,0,1.4663,1.0586,8.1763,0,1.6025,8.6535,0.077204,1.699,12.862,0,1.832,5.0411,11.225,2.0641,0.82924,0,8.2998,24.07,1.8828,5.0511,1.6657,2.8705,8.2453,20.862,0,2.0334,1.9297,0.77329,2.119,0,46.583,4.7001,7.3777,25.632,1.9353,2.2739,1.6926,12.54,0,4.0936,13.179,21.486,42.103,2.8617,53.245,11.802,2.3255,4.4466,10.721,18.963,43.708,16.149,1.6671,0,3.5331,2.3108,1.1969,3.2873,2.1923,6.5706,1.2674,1.329,12.221,9.0684,10.587,2.5062,2.6461,5.5566,2.3964,3.6943,2.443,12.225,4.1066,3.1013,2.3102,2.4364,3.0611,0,2.7893,4.3474,12.778
13.483,39.42,17.292,11.724,36.289,46.797,28.874,1.3139,1.1841,3.9717,1.051,34.315,29.944,0,0.50935,1.1619,1.0922,1.1729,1.1201,1.1596,64.643,100.42,5.8443,2.9561,1.6794,1.4623,31.906,84.355,57.057,17.243,9.8098,4.4399,54.184,7.7453,0,1.4539,9.3517,8.1275,0,1.5706,8.3706,0.073095,1.7496,12.786,28.636,1.8171,5.011,10.778,1.9378,0.80262,0,8.4156,23.407,1.9161,5.4173,1.7586,1.9335,7.6223,19.222,0,2.0467,1.947,0.70031,2.168,0,47.036,4.5457,7.2765,38.601,1.9966,2.3579,1.7293,13.493,0,3.0261,12.655,18.096,38.109,2.6668,3.3725,10.638,2.2476,4.5396,15.32,23.005,38.689,15.998,1.6133,0,3.2584,2.2216,1.2162,3.4291,2.2058,6.4495,1.2663,1.3165,13.143,8.2824,11.564,2.5533,2.5654,5.8508,2.3954,3.4507,2.3653,12.28,2.3584,3.3079,2.3584,2.3554,2.8416,0,2.6721,4.3215,12.479
20.503,40.528,1.4879,42.436,21.169,56.01,1.3928,47.336,1.1838,28.678,1.0354,0.52252,0.51355,0.50935,0,1.1209,1.0338,1.2188,1.0118,1.04,1.1819,1.2839,5.774,2.262,1.2749,1.4265,1.3558,2.6064,0,0,0,2.0567,0,0,0,1.3688,0.66923,7.9292,0,1.5243,8.0609,0.084222,1.4268,12.403,0,1.6758,4.8888,10.886,25.736,0.77308,0,7.2927,22.603,1.6053,3.9962,1.3269,2.7051,9.3343,18.423,0,1.7165,1.6986,1.4313,1.8024,0,38.896,3.1567,7.7154,23.429,1.6257,1.8904,1.7098,9.9771,0,3.8351,9.4202,16.732,23.023,2.4547,3.0542,12.047,2.1269,6.0006,31.418,38.132,31.578,46.767,1.5245,0,3.4264,2.31,1.0078,1.7892,1.9489,6.2475,1.2395,1.2833,9.6645,6.613,8.5472,2.1588,2.3484,4.3607,2.1381,2.9636,4.0198,5.3157,3.2707,2.4557,2.3305,2.212,3.0286,0,2.7872,4.216,12.06
50.119,78.522,142.3,1.212,81.218,1.2479,103.85,37.839,91.326,23.566,51.045,14.03,13.943,1.1619,1.1209,0,53.916,24.382,1.2595,33.843,1.0607,16.276,5.9543,2.0991,1.1861,18.958,1.3398,2.3419,0,0,0,1.9897,0,0,0,19.855,0.95052,33.976,0,28.076,10.29,0.098058,1.6045,29.066,0,7.3729,25.031,6.1989,1.8231,1.2772,0,7.1266,27.975,1.8099,5.1509,1.1901,2.0832,7.6523,23.359,0,1.0718,2.0633,0.53949,2.017,0,34.918,3.1631,6.1516,38.999,1.8101,2.4508,1.771,5.797,0,4.6758,7.5368,16.768,38.831,6.0316,2.6874,8.6401,2.8068,5.4734,43.664,35.974,45.568,40.339,48.606,0,2.8974,1.1433,0.56635,2.5141,2.3094,7.4407,2.1474,2.1427,5.703,5.414,7.3301,2.4393,3.3225,4.1979,2.8092,3.5576,3.6441,10.145,3.4249,2.236,2.1134,2.9695,2.228,0,1.3738,2.8495,9.9616
1.4972,1.4426,1.5035,0.63781,1.3821,1.1774,1.3929,67.642,101.33,1.1776,105.27,1.1333,1.0986,1.0922,1.0338,53.916,0,62.08,39.808,45.483,0.91857,1.0234,38.946,1.913,1.0718,1.5328,1.038,2.0719,0,0,0,3.0834,0,0,0,16.585,0.7931,4.0912,0,17.042,10.594,0.0832,1.6397,5.2341,0,0.85456,4.1316,5.7874,0.84937,1.6061,0,10.521,42.225,1.9091,4.6878,0.79154,2.4758,6.5499,22.447,0,1.5196,1.3468,0.47944,2.1155,0,31.203,4.3826,4.3826,33.408,1.8587,2.4242,2.2624,10.004,0,1.7124,7.8515,8.2604,32.709,2.1618,2.279,7.9796,19.854,6.1193,34.594,30.702,38.011,32.501,0.89776,0,1.5129,2.5102,0.80609,2.3462,2.4916,5.867,1.9094,1.9345,9.6397,5.0647,6.3409,2.5786,2.9399,3.9418,3.5539,2.3472,2.2171,8.6698,2.1484,2.0202,2.5059,3.2599,1.9836,0,3.0219,3.2594,8.7691
15.368,44.785,73.512,1.2873,35.572,1.3173,43.835,34.361,42.912,9.4545,11.894,1.2459,1.2247,1.1729,1.2188,24.382,62.08,0,1.1274,4.6872,0.93917,1.1154,5.2584,1.9328,1.0763,12.347,1.1927,2.1232,0,0,0,1.917,0,0,0,20.559,0.83433,40.23,0,42.859,10.388,0.09337,1.4002,10.676,0,2.0252,27.387,5.4532,1.6977,1.3592,0,6.7757,31.013,1.6188,4.3871,1.1476,1.9204,7.0581,20.896,0,1.2496,1.8122,0.51905,1.7947,0,30.392,2.9088,6.0366,37.093,1.5847,2.0857,1.5554,5.2443,0,4.4523,6.7183,15.301,36.65,2.5013,2.3433,8.5383,2.8864,5.0033,38.762,31.129,43.026,36.017,1.9293,0,2.614,0.99873,0.80329,2.4066,2.0508,7.5524,1.8826,1.9189,5.114,4.9235,6.8577,2.1674,2.9304,3.7151,2.4183,2.8745,3.4989,9.164,2.9278,2.0223,1.9241,2.6386,2.0599,0,1.1097,2.5247,9.57
1.5278,0.68909,0.68151,0.68067,0.65944,0.66261,0.64469,1.531,21.699,1.1737,28.724,1.1586,1.121,1.1201,1.0118,1.2595,39.808,1.1274,0,3.1241,0.52148,0.98005,58.29,1.7454,0.97548,1.2673,0.91501,1.1622,0,0,0,2.7583,0,0,0,1.6406,0.50286,3.8395,0,1.5422,7.9273,0.072123,0.74778,8.0183,0,1.7617,3.5476,5.0887,1.3945,1.578,0,9.4325,46.842,0.85304,4.3237,0.73946,1.6765,5.6859,18.584,0,1.5063,2.6094,0.42659,0.97063,0,21.557,4.9784,4.4052,24.002,1.0165,1.3385,1.5047,9.0058,0,3.5748,5.6288,12.121,23.488,1.8429,1.8124,6.9094,1.194,4.2841,21.898,20.004,23.134,21.071,1.594,0,1.9102,1.8773,0.73023,2.1312,1.0118,6.4419,1.7393,1.7557,8.0137,3.2013,7.6252,1.2067,1.9126,3.5793,3.2315,2.3794,1.925,6.8619,1.9597,1.823,1.6957,3.043,2.2614,0,2.2305,2.018,6.2582
1.5725,0.65373,0.64506,0.64567,0.62827,0.62547,0.61421,19.017,22.978,1.217,15.563,1.1971,1.1581,1.1596,1.04,33.843,45.483,4.6872,3.1241,0,0.48717,0.52032,9.3794,1.8507,1.021,8.6382,0.97824,1.1798,0,0,0,2.8691,0,0,0,1.6099,0.76005,3.5066,0,1.6477,8.4903,0.080943,16.274,9.3183,0,49.336,3.727,5.3555,1.439,35.458,0,9.6917,53.161,30.161,4.4255,0.78445,1.7134,5.902,37.935,0,14.896,2.6117,0.4595,15.815,0,27.314,4.0217,4.0217,25.563,2.2247,2.6572,2.0399,10.018,0,3.201,5.8112,13.419,25.213,2.1033,1.4965,7.2315,1.2579,4.4219,23.138,18.29,25.101,21.978,1.7753,0,2.0731,2.0743,0.7468,2.3371,2.3195,5.5537,1.8527,1.8499,9.4444,3.3363,8.415,2.9916,2.9144,3.9542,1.3484,2.5443,2.0799,7.2441,2.1342,1.8928,2.3056,1.2356,2.3679,0,2.4702,2.1686,6.5678
1.6855,0.66499,0.66017,3.1145,0.68347,29.773,0.66818,1.3045,0.6504,1.4741,0.60315,103.76,87.074,64.643,1.1819,1.0607,0.91857,0.93917,0.52148,0.48717,0,0.91271,5.3581,38.915,42.134,1.0201,0.99184,16.618,0,37.104,0,3.8136,0,1.5695,0,1.0571,30.843,4.0277,0,1.1274,6.3252,0.07249,0.74195,7.5549,0,1.3006,3.2273,5.5638,1.3073,0.86627,0,12.284,27.913,1.2437,5.5722,20.652,2.1642,8.3068,16.07,0,1.0284,1.6981,0.64451,1.4265,0,15.316,7.4285,5.248,31.618,1.3387,1.9488,16.686,11.251,0,1.9483,7.6411,13.598,29.127,1.7989,21.21,9.7081,1.3423,6.7406,31.428,39.022,26.835,34.275,0.86455,0,2.8589,1.5497,0.98901,2.5593,1.5067,4.1729,2.3036,2.6694,10.343,3.8893,7.0751,1.7006,2.9014,4.9564,1.093,2.5617,2.1302,9.1477,2.1128,2.9724,2.4174,1.3787,2.4708,0,1.942,1.5767,8.2974
104.04,30.456,9.2202,0.70389,30.053,0.69411,15.412,37.881,0.6515,41.508,0.59467,71.543,54.709,100.42,1.2839,16.276,1.0234,1.1154,0.98005,0.52032,0.91271,0,6.7504,2.288,1.2206,1.2309,20.761,2.5675,48.712,0,8.8592,2.9702,18.428,7.0592,0,1.1698,0.70916,3.5696,0,1.3162,5.5989,0.075132,1.3965,17.72,24.465,0.78003,3.9443,5.6591,2.0037,1.3824,0,9.9897,43.891,1.6427,4.1415,0.89856,1.4976,8.3639,13.891,0,1.1767,1.435,0.43811,1.8018,0,24.187,4.1722,4.195,31.468,1.5854,1.7469,1.7898,9.9355,0,2.1795,8.9538,15.566,32.482,2.4018,1.7,6.3578,0.93877,4.8192,27.15,23.225,31.315,24.469,0.63867,0,1.7497,1.8127,0.76012,2.7707,1.8492,4.9259,2.1747,2.2523,9.544,6.3623,9.0947,2.1188,2.9198,5.2331,1.7518,2.617,2.7513,8.577,2.3398,2.259,2.0669,1.1247,2.5789,0,2.168,1.8245,7.5585
7.1395,11.609,11.8,9.7913,11.238,9.8071,11.194,6.3703,35.865,6.757,73.553,5.8396,5.7274,5.8443,5.774,5.9543,38.946,5.2584,58.29,9.3794,5.3581,6.7504,0,1.4742,0.83037,0.91114,0.77671,2.1422,0,0,0,3.1074,0,0,0,13.569,0.42952,4.0087,0,1.3767,6.5362,0.029911,0.81697,4.5612,0,1.468,1.3496,4.3955,1.0642,1.0056,0,10.317,33.945,1.1007,1.7892,0.58734,1.5077,4.4256,19.434,0,1.3246,2.4265,0.33182,1.1849,0,20.101,4.113,3.28,20.463,0.97263,0.89057,1.3049,9.2177,0,3.1318,4.7867,9.7109,20.029,1.5856,1.286,4.0641,2.1617,3.9307,18.617,19.727,19.721,17.92,0.72258,0,1.1906,1.5316,0.77431,1.375,8.1296,5.772,1.4468,1.4687,8.3214,4.6101,4.7771,1.473,1.5966,3.8275,2.8264,1.1984,1.6404,5.8263,1.7246,1.5367,1.4385,2.0541,1.4995,0,1.9329,1.7277,5.31
1.6401,3.3414,3.1221,86.42,3.1142,93.21,2.9215,2.7167,2.5122,2.6768,2.1991,2.9085,2.7959,2.9561,2.262,2.0991,1.913,1.9328,1.7454,1.8507,38.915,2.288,1.4742,0,19.537,0.83503,0.82048,21.709,0,32.961,0,2.9093,0,0,0,0.86038,16.947,4.5285,0,0.93278,4.6958,0.04042,1.0193,7.0983,0,1.0146,2.6664,4.1821,1.2115,0.52984,0,7.0101,15.985,1.0855,4.9531,27.597,1.2653,4.3204,11.704,0,1.1063,1.1204,0.3727,1.2407,9.8097,16.223,2.9748,5.182,22.103,1.1146,1.3048,13.301,9.6255,0,1.9214,4.1142,11.166,20.913,1.3793,1.5741,7.2065,1.2496,5.9689,21.351,24.555,19.911,21.349,0.73819,0,1.5166,1.2905,0.44933,1.9654,1.3125,3.7583,2.0085,2.4509,8.7634,4.9704,5.6149,1.4774,1.9701,4.2579,1.3552,1.6559,2.1989,4.2025,2.4938,1.09,1.5716,1.3668,1.6883,0,1.5153,1.795,4.4675
0.89708,1.8623,1.7371,107.73,1.7391,104.56,1.6312,1.5124,1.4003,1.5348,1.2271,1.644,1.579,1.6794,1.2749,1.1861,1.0718,1.0763,0.97548,1.021,42.134,1.2206,0.83037,19.537,0,0.78414,0.76591,22.697,0,30.825,0,2.8495,0,0,5.1054,0.81443,18.486,4.3264,0,0.8751,4.851,0.038753,0.9429,6.7687,0,0.9666,2.5434,4.4859,1.0913,0.5624,0,6.1904,16.494,1.0377,4.4454,20.776,1.3533,4.1481,10.523,0,1.1396,1.0682,0.35968,1.1678,14.103,17.351,3.1816,4.8622,21.033,1.0602,1.24,4.1365,9.0619,0,1.7279,4.4003,10.232,19.863,1.3047,1.5261,6.7202,1.2775,5.4221,20.349,25.225,18.871,20.441,0.89904,1.7525,1.465,1.198,0.42743,1.7431,1.2368,3.5932,1.8452,2.2721,8.2542,5.0983,5.1474,1.3899,1.7989,3.7888,1.2923,1.6844,2.0982,4.4129,2.495,1.0368,1.6846,1.3048,1.6374,0,1.4318,1.7191,4.7782
2.1617,2.1325,67.155,1.5497,2.0396,1.5874,30.81,9.0598,15.479,1.7048,1.681,1.5554,1.5197,1.4623,1.4265,18.958,1.5328,12.347,1.2673,8.6382,1.0201,1.2309,0.91114,0.83503,0.78414,0,0.86975,1.5382,0,0,0,1.4989,0,0,0,1.2257,0.58963,40.331,0,1.4256,6.9787,0.072501,1.0535,8.5184,0,26.203,24.872,4.1379,1.1805,0.58052,0,5.2782,24.632,1.2059,3.1813,0.84256,1.3563,4.9061,16.768,0,1.2797,1.3301,0.37094,1.3262,0,21.511,2.2436,4.104,27.009,1.1715,1.3454,1.18,4.0241,0,3.1618,4.6893,11.099,26.738,1.9668,1.6546,5.6737,1.8534,3.5026,26.238,21.895,30.931,24.049,1.4536,0,1.7273,0.82398,0.41945,1.7252,1.4641,5.3598,1.341,1.3673,3.9126,3.4436,4.8332,1.5733,2.0121,2.6547,1.7737,2.1726,2.533,6.8319,2.0228,1.4317,1.3505,1.8345,1.428,0,1.0175,1.7809,6.9012
110.54,20.049,0.697,0.69887,15.325,0.67436,0.6671,22.278,0.65222,40.853,0.60217,65.16,86.948,31.906,1.3558,1.3398,1.038,1.1927,0.91501,0.97824,0.99184,20.761,0.77671,0.82048,0.76591,0.86975,0,1.881,6.0819,0,0,2.5365,1.5449,0,0,0.54565,0.68182,4.2692,0,1.0021,5.7169,0.071612,1.0255,8.8759,0,0.65808,3.4787,5.1682,1.5083,0.92614,0,8.5473,30.613,1.1443,3.4548,0.66969,1.9703,6.4295,13.183,0,0.93576,1.1394,0.41992,1.2688,0,22.44,3.4203,3.4203,26.257,1.1463,1.4751,1.6597,7.465,0,1.7539,6.9079,6.8153,27.201,1.9126,1.1962,6.3017,1.0717,4.5032,32.241,24.851,28.16,29.134,0.77677,0,1.3683,1.4707,0.61265,2.0772,1.3079,3.9658,1.5484,1.5777,7.2267,4.4158,5.0127,1.4831,2.5667,3.4058,1.5265,2.0105,2.0266,7.0617,1.7231,1.6058,2.0344,1.0289,1.9639,0,1.7713,3,6.1959
3.8529,1.633,1.62,1.6133,1.5538,14.879,1.519,3.0197,1.4969,3.1722,1.3712,42.57,25.885,84.355,2.6064,2.3419,2.0719,2.1232,1.1622,1.1798,16.618,2.5675,2.1422,21.709,22.697,1.5382,1.881,0,1.9065,38.797,6.2111,1.5062,0,12.093,0,0.79958,38.173,3.1735,0,0.87342,4.2954,0.050587,0.61374,7.0586,0,0.94322,2.6329,4.8772,1.2006,0.71156,0,9.421,22.195,0.99685,4.6561,7.9922,1.8947,5.393,9.395,0,0.82639,1.3288,0.39603,1.1371,0,18.706,4.6181,4.7059,22.852,1.0639,1.5498,17.324,8.9342,0,1.5453,6.5812,11.51,21.152,1.3134,1.9891,7.0161,0.85759,5.0042,22.951,26.55,19.662,23.536,0.60531,0,1.8448,1.1679,0.74438,2.2204,1.1976,3.4643,1.9083,2.2417,8.1477,2.3502,5.9064,1.3485,2.4456,4.0242,1.2353,1.5646,1.6142,6.8227,1.7189,2.2149,1.871,1.2464,2.3019,0,1.4034,1.8452,6.4455
0,8.4291,0,0,0,0,0,0,0,0,0,23.206,9.3459,57.057,0,0,0,0,0,0,0,48.712,0,0,0,0,6.0819,1.9065,0,0,5.637,2.3433,56.98,8.1252,0,0.87096,0.56682,3.529,0,0.93157,4.8824,0.057329,0.58639,8.1264,14.964,1.0671,3.0366,4.4446,1.1766,0.7586,0,7.9491,26.468,0.66506,23.716,0.77947,0.92623,5.7943,10.676,0,1.2054,1.3962,0.35793,0.75842,0,26.639,2.1776,4.5923,22.413,0.69153,1.0375,1.5071,8.1693,0,1.825,4.9648,11.719,22.003,1.5198,1.5901,5.8058,0.92186,3.7719,21.069,15.817,22.289,18.944,0.92326,0,1.6311,1.2643,0.60746,1.8276,0.86729,3.7239,2.5815,2.3293,6.9071,2.4772,8.106,0.94284,7.6981,31.068,1.6091,1.938,1.6629,6.2803,2.0301,2.1843,0.96143,1.3697,1.8928,0,1.5116,1.9215,5.6302
0,0,0,0,0,38.225,0,0,0,0,0,0,0,17.243,0,0,0,0,0,0,37.104,0,0,32.961,30.825,0,0,38.797,0,0,6.7774,2.5755,0,7.9392,0,0.81109,29.58,3.2078,0,0.8623,4.9484,0.055507,0.56708,6.6598,0,0.9871,2.6805,4.5932,1.0387,0.65937,4.3459,8.5662,22.791,0.69524,3.1302,10.396,0.94229,6.1624,9.5396,0,1.1429,0.9355,0.4165,0.77055,0,27.629,2.2154,5.3468,22.993,0.67129,0.87724,22.504,6.5527,3.6703,1.575,5.6362,10.81,21.646,1.3645,1.9883,5.57,1.0615,4.2821,23.013,29.246,20.568,21.414,0.68589,0,1.9661,1.1725,0.65806,1.943,0.88115,3.4663,1.5389,1.4572,6.0959,2.8189,7.4944,0.95791,1.7961,1.9855,1.6139,1.8823,1.5993,6.5877,2.5965,2.8112,0.92417,1.3522,1.9065,0,1.4324,1.5079,6.0497
0,0,0,0,0,0,0,0,0,0,0,0,0,9.8098,0,0,0,0,0,0,0,8.8592,0,0,0,0,0,6.2111,5.637,6.7774,0,2.4028,22.463,32.964,0,0.82196,8.4052,3.3481,0,0.88381,4.6866,0.055447,0.57833,7.7484,2.5767,0.99356,2.841,4.5338,1.1509,0.69361,13.385,8.1799,24.105,0.65661,3.6184,0.86095,0.94279,5.7518,9.9343,0,1.1226,1.3218,0.36708,0.74848,0,25.719,2.2166,4.8363,22.951,0.68206,1.0218,1.6929,7.1012,0,1.7333,5.2362,11.738,22.047,1.417,1.681,5.8934,0.91177,3.9776,22.424,25.583,21.552,19.97,0.65417,0,1.6925,1.2043,0.65883,10.243,0.85592,3.552,7.0753,2.6693,6.6636,2.4491,8.1566,0.93048,2.2612,3.9419,1.5222,1.7911,1.638,6.527,0.9368,2.4634,0.92401,1.2998,1.9603,0,1.4421,1.7832,5.884
28.46,5.1223,4.824,75.841,4.7846,6.0995,4.5108,2.4168,3.9673,2.2404,3.4775,2.1805,2.144,4.4399,2.0567,1.9897,3.0834,1.917,2.7583,2.8691,3.8136,2.9702,3.1074,2.9093,2.8495,1.4989,2.5365,1.5062,2.3433,2.5755,2.4028,0,2.2706,3.3248,0.77743,0.72435,0.54047,2.8486,27.902,0.78499,3.2807,0.037545,0.79793,4.3869,0,0.84976,1.7017,6.4447,0.91929,0.6527,0,21.783,20.63,0.87449,2.2929,0.70497,12.677,5.1934,7.1604,0,0.71753,1.1424,0.43353,0.98742,0,21.72,5.0048,5.0048,11.549,0.90571,1.2969,1.2233,4.0957,0,1.4296,6.2322,8.5568,11.14,0.78883,1.9612,9.9644,0.99058,3.8441,10.717,14.154,10.717,10.717,0.62837,0,2.2514,0.80568,0.98347,1.2306,1.0755,3.9688,1.2372,1.3432,4.8284,2.2638,4.3253,1.1845,1.3313,2.351,1.3824,1.0433,1.4375,6.0094,1.2852,1.5685,1.5388,1.1522,4.2774,0,0.96612,2.0353,6.5518
0,0,0,0,0,0,0,0,0,0,0,19.638,5.6741,54.184,0,0,0,0,0,0,0,18.428,0,0,0,0,1.5449,0,56.98,0,22.463,2.2706,0,14.972,0,0.51503,0.35694,4.9869,0,0.56418,3.9284,0.039799,1.0194,4.8995,29.683,0.61392,2.0191,5.829,0.65624,0.86646,0,10.565,27.582,1.0994,6.9829,0.77607,1.4372,3.9884,10.869,0,0.92915,1.0086,0.23953,1.233,0,19.096,3.4399,3.3161,21.624,1.14,1.538,2.1618,8.0938,0,1.1782,3.0867,6.1089,21.227,1.4657,1.3095,4.2356,1.294,5.1606,29.976,23.334,21.508,25.863,0.68762,0,1.133,1.2226,0.68565,0.89083,1.2409,4.6977,1.0712,1.023,10.372,3.6577,5.2032,1.4295,9.5957,4.3398,1.1676,1.6759,2.2747,6.862,2.5227,1.1206,1.6886,0.94436,1.3887,0,1.4568,2.8007,6.8462
0,0,0,0,0,0,0,0,0,0,0,0,0,7.7453,0,0,0,0,0,0,1.5695,7.0592,0,0,0,0,0,12.093,8.1252,7.9392,32.964,3.3248,14.972,0,0,1.101,4.4675,3.2911,0,1.1647,4.9831,0.04444,0.86755,5.2703,1.8152,1.3443,2.0279,4.456,1.12,0.62276,9.7213,8.0759,23.681,1.0288,3.39,0.88488,1.2628,4.8407,11.593,0,1.0364,1.3326,0.46706,1.16,0,21.086,2.9689,4.0151,30.705,1.0334,0.85176,1.743,6.9732,0,1.9178,4.106,12.954,29.526,1.9487,1.762,5.2327,1.0681,4.0394,29.601,25.65,28.74,27.182,0.6947,0,1.7001,1.5834,0.66038,32.898,1.1935,2.5043,2.06,2.6339,6.5407,3.882,5.6873,1.3581,2.1913,3.6539,1.6649,2.0625,1.608,5.6548,1.9636,2.5487,1.0561,1.6179,1.4453,0,1.8696,0.96432,4.4587
0,0,0,3.714,0,0,0,0,0,0,0,0,0,0,0,0,0,0,0,0,0,0,0,0,5.1054,0,0,0,0,0,0,0.77743,0,0,0,0.53846,0.45055,3.5528,0,0.60787,3.3232,0.029849,0.84961,4.1212,0,0.61846,1.5842,4.3278,1.0509,0.58129,0,7.0474,18.943,0.88487,3.2591,0.45016,12.12,3.7482,10.273,0,0.70604,1.1111,0.43631,1.0213,0,26.058,7.1656,8.28,18.523,0.96552,1.2895,2.0035,6.7793,0,1.6726,6.1027,6.7081,17.416,1.1471,0.81639,5.5456,0.96974,2.5684,17.659,17.295,16.381,17.917,0.66285,0,1.4844,1.1242,0.77125,1.4685,1.1059,3.7254,1.4386,1.5425,6.2082,2.8481,3.3813,1.2247,1.7846,3.2966,0.91258,1.1925,0.93367,5.2981,1.3175,2.0072,2.0787,0.89687,1.7161,0,1.293,1.8938,5.5706
2.0682,0.93783,0.927,0.92634,1.8852,0.9007,1.8987,48.623,45.427,1.5886,48.616,1.5148,1.4663,1.4539,1.3688,19.855,16.585,20.559,1.6406,1.6099,1.0571,1.1698,13.569,0.86038,0.81443,1.2257,0.54565,0.79958,0.87096,0.81109,0.82196,0.72435,0.51503,1.101,0.53846,0,0.45512,2.7881,0,15.668,32.028,0.052418,0.96603,3.6806,0,0.59292,2.5472,3.4989,0.96973,0.97662,0,6.4496,24.958,1.1199,2.8386,0.52849,1.4125,3.9212,13.408,0,0.88383,0.94742,0.29616,1.2272,0,18.354,2.667,2.667,20.709,1.0747,1.4271,1.258,5.8399,0,2.4116,4.7606,5.7856,20.193,1.2654,1.2664,4.4906,0.89728,3.6105,19.048,18.636,20.802,18.034,0.64592,0,1.0286,1.4462,0.48932,1.3653,1.4548,7.0968,1.1258,1.149,5.5915,3.09,3.7272,1.4764,1.5896,2.3427,2.0905,1.3562,1.3037,5.2635,1.2511,1.2092,1.3873,2.1598,1.4534,0,1.7034,1.756,5.3046
0.87377,1.281,1.2653,0.79284,1.2279,18.404,1.2004,1.1379,1.0593,1.1258,0.63393,1.0774,1.0586,9.3517,0.66923,0.95052,0.7931,0.83433,0.50286,0.76005,30.843,0.70916,0.42952,16.947,18.486,0.58963,0.68182,38.173,0.56682,29.58,8.4052,0.54047,0.35694,4.4675,0.45055,0.45512,0,2.9305,0,1.0276,4.1686,0.037775,0.83409,4.6547,0,1.1645,1.7509,4.2546,1.0927,0.52214,3.8159,7.8439,20.764,0.91516,2.8658,15.27,1.0628,4.1587,11.371,0,0.85627,0.70976,0.42082,1.0302,0,22.173,2.4987,4.2423,30.301,0.93836,0.88817,14.35,5.9808,3.0626,1.7961,3.4558,12.474,28.224,1.6909,1.6313,4.1893,0.9679,4.2053,29.84,23.127,26.663,28.223,0.62441,0,1.5298,1.3879,0.65428,1.8983,1.0765,2.3606,1.645,1.7303,5.5226,3.8836,4.9502,1.2129,0.89699,2.9716,1.4263,1.6748,1.4736,4.7411,1.6229,2.7249,0.91627,1.4223,1.4169,0,1.6392,0.91649,3.7526
10.404,39.865,22.055,6.3913,29.158,6.6184,18.318,29.956,4.7528,8.6952,4.421,8.321,8.1763,8.1275,7.9292,33.976,4.0912,40.23,3.8395,3.5066,4.0277,3.5696,4.0087,4.5285,4.3264,40.331,4.2692,3.1735,3.529,3.2078,3.3481,2.8486,4.9869,3.2911,3.5528,2.7881,2.9305,0,0.29032,1.2881,5.6697,18.081,0.74681,10.289,0,0.94061,35.14,2.3878,1.3395,0.62497,0,6.8009,29.334,0.96389,2.2917,0.63055,0.86875,5.727,15.434,0,0.99551,1.3733,0.38691,1.0724,0,15.472,2.7771,3.1211,22.224,0.88956,0.7528,0.75878,5.2917,0,1.6973,5.4626,12.359,22.335,1.4103,1.104,4.2476,1.1958,3.1038,17.036,16.486,19.882,15.836,0.807,0,1.1416,1.9822,0.51512,1.2535,1.1507,2.3844,1.5324,1.5481,4.7255,3.0414,4.4179,1.2606,1.3142,2.2889,0.87688,1.7363,1.8034,6.8031,1.2849,1.5856,0.85468,1.3143,1.3002,0,2.4534,0.89655,5.4871
30.91,0,0,30.966,0,0,0,0,0,0,0,0,0,0,0,0,0,0,0,0,0,0,0,0,0,0,0,0,0,0,0,27.902,0,0,0,0,0,0.29032,0,0.59008,3.7465,0.021947,0.72807,4.2452,0,0.69046,1.8726,3.6312,0.78282,0.5973,0,11.075,16.602,0.91302,2.2183,0.54381,2.1632,4.5152,8.9702,0,0.60964,0.78358,0.3007,0.98508,0,17.849,3.6007,5.1816,15.85,0.83302,0.87606,1.0626,4.373,0,1.2241,4.997,4.9105,14.819,1.1292,1.2403,30.483,0.8509,2.9883,14.701,15.105,13.742,16.097,0.53672,0,1.4212,1.0201,0.39231,1.3243,1.0836,2.7261,1.0288,1.1036,5.0706,4.834,2.4752,1.1882,1.4149,1.9693,0.77225,1.3306,1.2012,6.4028,1.0786,1.2527,1.4832,0.98457,0.95164,0,1.3055,1.42,6.1858
2.3036,2.2246,2.3349,1.7535,2.1097,1.7633,2.1209,67.188,2.4512,1.7911,2.0792,1.6494,1.6025,1.5706,1.5243,28.076,17.042,42.859,1.5422,1.6477,1.1274,1.3162,1.3767,0.93278,0.8751,1.4256,1.0021,0.87342,0.93157,0.8623,0.88381,0.78499,0.56418,1.1647,0.60787,15.668,1.0276,1.2881,0.59008,0,8.8914,0.033708,0.78408,3.4325,0,1.1852,1.7703,4.0401,0.5464,0.7771,0,5.6875,21.182,0.90071,2.3707,0.45965,1.2295,2.3121,10.75,0,0.70958,0.88421,0.20978,0.98648,0,15.831,2.3662,2.8427,18.616,0.86879,1.1518,1.0709,4.8598,0,2.7122,3.3294,5.3471,18.346,1.1274,1.0987,3.2121,1.723,2.5302,16.494,15.89,18.104,15.658,1.2054,0,1.1301,1.3527,0.42641,1.1534,1.1205,6.4944,0.96583,0.99328,4.6434,2.7781,3.257,1.1742,1.3301,2.0531,1.4897,1.184,1.507,4.7663,1.0646,1.0514,1.1897,1.4717,1.0479,0,1.6094,1.5145,4.5938
12.331,11.449,11.896,9.5254,10.737,9.6242,10.707,21.628,11.467,8.8133,10.314,8.8769,8.6535,8.3706,8.0609,10.29,10.594,10.388,7.9273,8.4903,6.3252,5.5989,6.5362,4.6958,4.851,6.9787,5.7169,4.2954,4.8824,4.9484,4.6866,3.2807,3.9284,4.9831,3.3232,32.028,4.1686,5.6697,3.7465,8.8914,0,2.8787,2.0506,3.9733,1.3734,1.6649,2.1969,2.9626,1.1754,0.6247,0.36053,5.4903,12.255,0.99287,2.3431,0.44462,0.97063,3.0043,9.8271,0,0.68957,0.99781,0.2246,1.0609,0,15.095,2.2588,2.2858,13.635,0.88775,0.96749,0.83404,4.4625,0,2.5786,3.9178,6.3863,13.299,1.2778,1.0401,3.1598,14.521,2.1572,14.479,15.2,15.123,14.137,0.86581,0,1.0699,1.5218,0.41276,0.90232,1.2513,28.102,1.1392,1.1581,4.1587,2.5185,2.8396,1.2787,1.1255,1.9727,1.3225,1.4625,1.145,3.9247,1.2631,1.2041,0.95571,1.8341,1.0122,0,1.7119,1.1159,3.5223
0.096652,30.136,0.12403,0.042632,0.12036,0.041022,0.11767,78.746,0.10689,0.089877,0.09261,0.078685,0.077204,0.073095,0.084222,0.098058,0.0832,0.09337,0.072123,0.080943,0.07249,0.075132,0.029911,0.04042,0.038753,0.072501,0.071612,0.050587,0.057329,0.055507,0.055447,0.037545,0.039799,0.04444,0.029849,0.052418,0.037775,18.081,0.021947,0.033708,2.8787,0,0.99249,5.4824,0,1.1924,17.234,3.6511,2.5428,0.52527,0,6.1962,20.337,1.0718,2.5258,0.34388,1.0571,4.4475,9.4239,0,0.66984,0.61164,0.31627,1.1805,0,17.452,3.1133,2.4402,17.191,1.0643,1.2415,1.086,6.455,0,1.488,3.5873,5.6604,17.281,1.8501,1.1271,4.404,1.0545,2.7227,15.264,18.285,17.394,14.34,0.6435,0,1.0697,1.7678,0.43379,0.96645,1.2161,3.3634,0.99228,1.0207,6.0763,3.1523,3.8008,1.3456,1.1101,2.4172,1.3878,1.4883,1.5537,4.6873,0.87453,1.0772,1.1423,1.3702,1.112,0,1.9904,1.4485,4.1675
2.2654,1.0258,1.0111,1.0131,0.98803,0.97897,0.96592,1.9404,0.94503,1.6984,0.87191,1.7782,1.699,1.7496,1.4268,1.6045,1.6397,1.4002,0.74778,16.274,0.74195,1.3965,0.81697,1.0193,0.9429,1.0535,1.0255,0.61374,0.58639,0.56708,0.57833,0.79793,1.0194,0.86755,0.84961,0.96603,0.83409,0.74681,0.72807,0.78408,2.0506,0.99249,0,5.0134,0,0.9275,1.8524,2.9042,0.7467,31.022,0,5.4175,21.759,0.55065,2.5278,0.46176,1.1805,3.0405,9.3851,0,22.981,0.79491,0.26308,0.6147,0,12.057,2.7715,2.3825,13.688,8.1166,9.3683,0.875,5.69,0,1.4456,3.2103,7.4693,13.368,1.0285,1.0727,3.6586,0.8293,2.4382,12.528,11.189,13.248,11.961,0.8258,0,1.0809,0.93903,0.41658,1.2452,0.70294,2.9532,1.0265,1.0282,5.1743,2.1904,4.1454,0.76418,1.1305,2.2506,1.5462,1.2755,1.0632,3.8523,1.1847,1.049,1.1713,1.1968,1.1789,0,1.1161,1.1405,3.5022
16.366,41.752,36.766,13.863,78.115,13.975,71.868,11.218,12.117,13.679,10.43,13.09,12.862,12.786,12.403,29.066,5.2341,10.676,8.0183,9.3183,7.5549,17.72,4.5612,7.0983,6.7687,8.5184,8.8759,7.0586,8.1264,6.6598,7.7484,4.3869,4.8995,5.2703,4.1212,3.6806,4.6547,10.289,4.2452,3.4325,3.9733,5.4824,5.0134,0,4.3443,4.9008,2.395,3.9353,2.8605,3.0434,3.2886,5.734,22.522,1.5573,2.0824,0.47186,1.0764,2.4941,8.9475,0,0.67879,0.56269,0.24361,1.1119,0,13.903,2.3411,2.8011,20.234,1.0663,1.3136,0.88231,6.8988,0,1.7055,4.2726,8.3993,20.535,25.331,0.94286,3.2096,0.93464,2.6161,14.869,14.853,18.273,13.599,0.62519,0,0.96233,1.4209,0.32412,1.132,1.18,3.7981,1.2934,1.3005,6.5902,3.3508,2.2134,1.3061,1.1574,2.5884,1.4432,1.3647,1.5874,6.1773,1.0858,1.3182,0.99305,1.1893,0.78622,0,1.5861,1.4742,4.9246
0,0,0,0,0,0,0,0,0,0,0,0,0,28.636,0,0,0,0,0,0,0,24.465,0,0,0,0,0,0,14.964,0,2.5767,0,29.683,1.8152,0,0,0,0,0,0,1.3734,0,0,4.3443,0,1.0151,1.7345,3.3033,0.79688,0.54033,0,5.9004,18.967,0.78832,2.9174,0.57271,1.0447,4.1398,8.2004,0,0.92957,1.0745,0.32596,0.84832,0,14.269,2.4859,2.6233,20.614,0.6953,0.62233,1.0993,6.1285,0,1.3267,4.962,12.15,20.12,1.3653,1.3766,4.1186,0.82521,2.7724,19.388,8.5975,20.153,10.137,0.53765,0,1.3435,1.1056,0.45815,1.7114,0.92158,2.1848,1.6493,1.6295,5.3531,3.6881,4.4867,1.0478,2.0141,3.9449,1.258,1.7765,1.0411,4.6036,0.94857,1.5456,1.0045,1.2134,1.0685,0,1.3928,1.4505,4.1104
2.6139,1.1152,1.104,1.1017,1.0654,1.0746,1.0415,2.7046,2.7172,1.9733,2.3471,1.8992,1.832,1.8171,1.6758,7.3729,0.85456,2.0252,1.7617,49.336,1.3006,0.78003,1.468,1.0146,0.9666,26.203,0.65808,0.94322,1.0671,0.9871,0.99356,0.84976,0.61392,1.3443,0.61846,0.59292,1.1645,0.94061,0.69046,1.1852,1.6649,1.1924,0.9275,4.9008,1.0151,0,2.3162,2.9005,0.90233,0.66433,0,5.2729,23.735,0.92535,2.4535,0.43359,0.931,3.3948,21.963,0,0.73272,0.7469,0.23552,1.0162,0,14.817,2.1698,2.1698,13.496,0.90679,1.235,1.0206,5.0558,0,1.6742,3.8504,4.6301,13.256,1.1219,0.81884,3.5994,0.7118,2.9154,15.684,15.261,17.579,11.631,0.50921,0,0.84114,1.232,0.3978,1.1098,1.0916,3.6888,0.92156,0.9368,4.8622,2.45,3.0812,1.1824,1.2967,1.8841,1.6447,1.1783,1.0864,3.7743,1.0281,0.98004,1.1077,1.2906,1.1573,0,1.4103,1.4542,3.4246
6.4144,34.323,31.662,5.7643,14.003,5.8469,5.7161,26.929,5.1804,5.361,4.5058,5.1304,5.0411,5.011,4.8888,25.031,4.1316,27.387,3.5476,3.727,3.2273,3.9443,1.3496,2.6664,2.5434,24.872,3.4787,2.6329,3.0366,2.6805,2.841,1.7017,2.0191,2.0279,1.5842,2.5472,1.7509,35.14,1.8726,1.7703,2.1969,17.234,1.8524,2.395,1.7345,2.3162,0,3.3804,1.3273,0.64442,0.76128,5.6724,24.581,1.0708,2.2014,0.45846,1.002,2.9609,12.631,0,0.83897,0.85034,0.24056,1.1732,0,15.153,2.3084,2.4793,17.575,1.0197,0.95162,0.85753,4.6251,0,1.4075,4.4137,7.7222,17.659,1.2144,0.97773,3.1869,1.3277,1.8019,13.987,15.7,16.25,13.056,0.85655,0,0.95338,1.6062,0.35464,0.98821,1.2112,3.1404,1.2246,1.2407,4.3619,3.2351,2.1676,1.3308,1.0588,2.4358,1.1164,0.89311,1.4491,5.3077,1.0759,1.2731,0.97457,1.4003,0.86026,0,1.9837,1.336,4.2975
12.761,10.398,9.5424,10.252,9.6752,20.043,8.9777,6.5991,7.5093,14.608,6.5175,11.424,11.225,10.778,10.886,6.1989,5.7874,5.4532,5.0887,5.3555,5.5638,5.6591,4.3955,4.1821,4.4859,4.1379,5.1682,4.8772,4.4446,4.5932,4.5338,6.4447,5.829,4.456,4.3278,3.4989,4.2546,2.3878,3.6312,4.0401,2.9626,3.6511,2.9042,3.9353,3.3033,2.9005,3.3804,0,4.2179,2.7858,2.6042,9.9183,21.889,0.72848,1.2466,0.51166,1.2289,4.4401,7.0104,0,0.58263,0.92834,0.41861,0.7952,0,13.313,3.8798,1.7324,22.899,0.71588,0.83283,1.0992,3.9455,0,0.88923,4.5374,9.3821,14.967,1.0097,0.76332,4.1474,0.80437,3.4614,16.897,16.755,14.398,9.0569,0.5132,0,0.69158,0.90662,0.53502,1.189,0.85673,2.6363,0.9654,1.3205,3.5325,3.1722,4.7514,0.94309,1.1557,1.8686,0.90861,1.0786,0.73855,8.242,1.0261,1.1136,1.2445,0.9241,1.5533,0,1.0821,1.3784,6.7512
3.035,2.9293,2.6409,2.2754,2.7117,2.3566,2.5058,2.5281,2.0356,62.187,1.772,2.0661,2.0641,1.9378,25.736,1.8231,0.84937,1.6977,1.3945,1.439,1.3073,2.0037,1.0642,1.2115,1.0913,1.1805,1.5083,1.2006,1.1766,1.0387,1.1509,0.91929,0.65624,1.12,1.0509,0.96973,1.0927,1.3395,0.78282,0.5464,1.1754,2.5428,0.7467,2.8605,0.79688,0.90233,1.3273,4.2179,0,0.64099,0,5.9686,24.285,0.87654,1.9161,0.4699,1.3578,8.2377,7.5981,0,0.60982,0.78295,0.26115,0.94423,0,13.741,2.4039,3.11,26.824,0.80622,0.87606,0.94626,4.4371,0,1.4656,3.6958,6.7036,26.796,1.2083,1.0677,3.3645,1.1214,2.7243,18.582,15.001,20.201,17.626,0.72895,0,1.23,1.0472,0.36584,1.2173,1.0198,2.7953,1.0175,1.1205,4.1617,3.5081,3.0493,1.1202,1.3713,2.4203,0.96567,1.2413,2.2156,6.4685,1.0313,1.1942,1.1906,1.2135,0.88741,0,1.2442,1.7259,6.058
1.0774,1.9098,2.0586,1.5299,1.8591,1.559,1.8885,1.8097,2.0063,0.78127,1.8758,0.84232,0.82924,0.80262,0.77308,1.2772,1.6061,1.3592,1.578,35.458,0.86627,1.3824,1.0056,0.52984,0.5624,0.58052,0.92614,0.71156,0.7586,0.65937,0.69361,0.6527,0.86646,0.62276,0.58129,0.97662,0.52214,0.62497,0.5973,0.7771,0.6247,0.52527,31.022,3.0434,0.54033,0.66433,0.64442,2.7858,0.64099,0,0.4919,6.3699,11.233,24.374,2.0425,0.43802,0.91953,3.6077,6.2819,0,20.695,1.2204,0.21237,14.263,0,11.921,2.1587,2.1399,9.1671,10.559,4.7767,1.0551,7.1524,0,1.6302,2.3247,6.3863,8.8429,0.79666,0.80404,2.869,0.8591,2.8734,10.927,11.674,10.927,10.927,0.74839,0,0.81747,0.86418,0.47721,0.65909,1.6517,2.8383,0.94154,0.8907,6.7994,2.2695,3.6387,1.6733,0.85457,1.9218,1.6174,1.078,0.7994,2.7133,1.1087,0.97571,1.0011,1.5209,1.112,0,0.97571,1.3056,2.5244
0,0,0,0,0,0,0,0,0,0,0,0,0,0,0,0,0,0,0,0,0,0,0,0,0,0,0,0,0,4.3459,13.385,0,0,9.7213,0,0,3.8159,0,0,0,0.36053,0,0,3.2886,0,0,0.76128,2.6042,0,0.4919,0,6.2812,17.104,0.74515,2.5723,0.63974,1.0646,4.0866,7.5385,0,0.82628,0.97476,0.33793,0.81421,0,14.915,2.5544,2.6673,20.323,0.66792,0.60586,1.2382,4.9029,0,1.2406,3.8395,8.7028,19.364,1.2451,1.5265,4.2131,0.78243,2.911,19.945,22.11,18.656,18.011,0.50484,0,1.4349,1.0338,0.47142,1.9122,0.86854,2.1679,1.4351,1.7528,4.5538,2.8825,4.5175,0.97632,1.7623,2.5891,1.1438,1.5254,1.1624,4.7149,0.94644,1.6088,1.0028,1.1202,1.0815,0,1.2891,0.82487,4.2501
9.65,17.533,16.51,24.432,16.391,20.778,15.451,8.4996,13.606,8.0608,11.916,8.4582,8.2998,8.4156,7.2927,7.1266,10.521,6.7757,9.4325,9.6917,12.284,9.9897,10.317,7.0101,6.1904,5.2782,8.5473,9.421,7.9491,8.5662,8.1799,21.783,10.565,8.0759,7.0474,6.4496,7.8439,6.8009,11.075,5.6875,5.4903,6.1962,5.4175,5.734,5.9004,5.2729,5.6724,9.9183,5.9686,6.3699,6.2812,0,18.104,3.9218,3.9857,5.6534,13.912,5.2097,5.9084,6.3824,2.073,2.4181,3.2979,1.3664,1.8083,17.521,1.7402,4.9862,9.0644,0.65738,0.77825,0.69124,3.7509,0.85222,1.0599,4.4781,6.2173,8.7439,0.61914,1.135,6.6444,0.73266,3.3515,9.6812,13.217,8.4115,9.6812,0.46328,0,1.5018,0.62351,0.49993,1.1774,0.79833,2.8105,0.70681,0.7967,3.5494,3.1767,3.1201,0.87623,1.2392,1.3141,0.84343,0.86398,1.0206,4.3682,0.94726,0.87275,0.92989,0.85332,1.63,0,0.75829,1.2963,4.8642
31.177,53.961,65.067,44.556,52.261,45.405,58.575,35.065,68.591,23.35,60.036,24.457,24.07,23.407,22.603,27.975,42.225,31.013,46.842,53.161,27.913,43.891,33.945,15.985,16.494,24.632,30.613,22.195,26.468,22.791,24.105,20.63,27.582,23.681,18.943,24.958,20.764,29.334,16.602,21.182,12.255,20.337,21.759,22.522,18.967,23.735,24.581,21.889,24.285,11.233,17.104,18.104,0,18.343,16.587,14.047,16.259,21.064,19.817,17.185,18.385,16.31,12.858,15.752,11.806,12.114,12.705,11.852,9.9175,15.363,15.477,15.458,18.796,12.616,14.164,9.5668,14.054,9.5668,21.467,11.687,10.849,14.024,14.353,12.517,12.222,12.865,11.798,13.946,10.66,11.101,13.302,10.673,8.8349,15.712,13.097,8.9176,8.1898,16.399,9.8048,14.887,10.999,9.5503,10.172,16.555,11.871,8.7926,7.012,9.748,7.2764,10.261,10.025,9.9474,8.4237,10.279,13.467,7.1232
